0	106658	106658	106658	3.8866e-28	1.84252e-14	-1.84252e-14
0.01	107081	106658	106658	-0.836897	0.488253	0.348644
0.02	107130	106706	106692	-1.66863	0.960387	0.708248
0.03	107168	106754	106728	-2.49008	1.41753	1.07255
0.04	107198	106799	106765	-3.29618	1.86018	1.436
0.05	107219	106844	106801	-4.08196	2.28807	1.79389
0.06	107234	106886	106837	-4.84257	2.70022	2.14234
0.07	107241	106928	106872	-5.57332	3.09518	2.47813
0.08	107243	106967	106905	-6.26971	3.47115	2.79856
0.09	107239	107005	106937	-6.92745	3.82616	3.10129
0.1	107231	107040	106967	-7.54247	4.15825	3.38422
0.11	107219	107073	106996	-8.111	4.46551	3.64549
0.12	107205	107104	107022	-8.62951	4.74587	3.88364
0.13	107190	107132	107046	-9.09483	4.99698	4.09785
0.14	107174	107157	107067	-9.50407	5.21616	4.28791
0.15	107157	107179	107086	-9.85472	5.40076	4.45396
0.16	107139	107198	107103	-10.1446	5.54872	4.59588
0.17	107119	107212	107117	-10.3719	5.659	4.71295
0.18	107097	107223	107129	-10.5353	5.73174	4.8036
0.19	107073	107231	107138	-10.6338	5.76796	4.86582
0.2	107047	107234	107144	-10.6667	5.76865	4.89802
0.21	107021	107234	107147	-10.6338	5.73413	4.89966
0.22	106997	107231	107147	-10.5353	5.66364	4.87171
0.23	106973	107224	107144	-10.3719	5.55545	4.8165
0.24	106952	107213	107139	-10.1446	5.40738	4.73722
0.25	106931	107198	107131	-9.85472	5.21748	4.63724
0.26	106912	107179	107121	-9.50407	4.98485	4.51922
0.27	106892	107154	107109	-9.09483	4.71069	4.38414
0.28	106871	107125	107096	-8.62951	4.3982	4.23132
0.29	106847	107091	107081	-8.111	4.05236	4.05863
0.3	106818	107055	107063	-7.54247	3.68017	3.8623
0.31	106784	107016	107044	-6.92745	3.29014	3.63731
0.32	106743	106978	107021	-6.26971	2.89021	3.3795
0.33	106696	106940	106995	-5.57332	2.48588	3.08743
0.34	106644	106901	106966	-4.84257	2.0798	2.76276
0.35	106590	106861	106934	-4.08196	1.67177	2.41019
0.36	106534	106820	106898	-3.29618	1.26027	2.03591
0.37	106476	106779	106861	-2.49008	0.844427	1.64566
0.38	106418	106737	106822	-1.66863	0.424852	1.24378
0.39	106358	106694	106781	-0.836897	0.00345019	0.833447
0.4	106297	106651	106740	3.87347e-28	-0.417092	0.417092
0.41	106661	106609	106699	3.88671e-28	-0.347792	0.347792
0.42	106662	106617	106692	3.88674e-28	-0.292973	0.292973
0.43	106662	106624	106687	3.88675e-28	-0.248892	0.248892
0.44	106662	106629	106682	3.88675e-28	-0.212831	0.212831
0.45	106662	106633	106679	3.88675e-28	-0.182851	0.182851
0.46	106662	106637	106676	3.88675e-28	-0.157547	0.157547
0.47	106662	106640	106673	3.88675e-28	-0.135965	0.135965
0.48	106662	106642	106671	3.88675e-28	-0.117431	0.117431
0.49	106662	106644	106669	3.88675e-28	-0.101451	0.101451
0.5	106662	106646	106668	3.88675e-28	-0.0876463	0.0876463
0.51	106662	106647	106666	3.88675e-28	-0.0757224	0.0757224
0.52	106661	106649	106665	3.88674e-28	-0.0654281	0.0654281
0.53	106661	106650	106664	3.88673e-28	-0.0565374	0.0565374
0.54	106661	106651	106663	3.88672e-28	-0.0488447	0.0488447
0.55	106660	106652	106662	3.8867e-28	-0.0421637	0.0421637
0.56	106660	106653	106662	3.88669e-28	-0.0363314	0.0363314
0.57	106660	106653	106661	3.88668e-28	-0.0312134	0.0312134
0.58	106659	106654	106661	3.88666e-28	-0.0267042	0.0267042
0.59	106659	106654	106660	3.88665e-28	-0.0227223	0.0227223
0.6	106659	106655	106660	3.88664e-28	-0.0192052	0.0192052
0.61	106659	106655	106659	3.88664e-28	-0.0161032	0.0161032
0.62	106658	106656	106659	3.88663e-28	-0.0133752	0.0133752
0.63	106658	106656	106659	3.88662e-28	-0.0109854	0.0109854
0.64	106658	106656	106659	3.88662e-28	-0.00890178	0.00890178
0.65	106658	106656	106658	3.88661e-28	-0.00709478	0.00709478
0.66	106658	106657	106658	3.88661e-28	-0.00553695	0.00553695
0.67	106658	106657	106658	3.88661e-28	-0.00420262	0.00420262
0.68	106658	106657	106658	3.8866e-28	-0.00306766	0.00306766
0.69	106658	106657	106658	3.8866e-28	-0.00210951	0.00210951
0.7	106658	106657	106658	3.8866e-28	-0.00130724	0.00130724
0.71	106658	106657	106658	3.8866e-28	-0.000641575	0.000641575
0.72	106658	106657	106658	3.8866e-28	-9.49202e-05	9.49202e-05
0.73	106657	106658	106658	3.88659e-28	0.000348681	-0.000348681
0.74	106657	106658	106658	3.88659e-28	0.000703598	-0.000703598
0.75	106657	106658	106658	3.88659e-28	0.000982679	-0.000982679
0.76	106657	106658	106657	3.88659e-28	0.00119734	-0.00119734
0.77	106657	106658	106657	3.88659e-28	0.00135766	-0.00135766
0.78	106657	106658	106657	3.88659e-28	0.00147248	-0.00147248
0.79	106657	106658	106657	3.88659e-28	0.00154952	-0.00154952
0.8	106657	106658	106657	-3.72039e-14	0.00159544	-0.00159544
0.81	107081	106658	106657	-0.836897	0.48915	0.347747
0.82	107130	106707	106692	-1.66863	0.959469	0.709165
0.83	107168	106754	106728	-2.49008	1.41332	1.07677
0.84	107198	106799	106765	-3.29618	1.85055	1.44563
0.85	107220	106843	106802	-4.08196	2.27078	1.81118
0.86	107234	106885	106839	-4.84257	2.67425	2.16832
0.87	107242	106925	106874	-5.57332	3.06154	2.51178
0.88	107243	106964	106909	-6.26971	3.43203	2.83767
0.89	107239	107001	106941	-6.92745	3.78355	3.1439
0.9	107231	107036	106972	-7.54247	4.11358	3.42889
0.91	107219	107069	107000	-8.111	4.42016	3.69084
0.92	107205	107100	107026	-8.62951	4.70146	3.92805
0.93	107190	107128	107050	-9.09483	4.95513	4.1397
0.94	107174	107153	107071	-9.50407	5.1782	4.32587
0.95	107158	107175	107090	-9.85472	5.3675	4.48722
0.96	107140	107194	107106	-10.1446	5.52043	4.62417
0.97	107120	107210	107120	-10.3719	5.63546	4.73649
0.98	107098	107221	107131	-10.5353	5.71237	4.82297
0.99	107074	107229	107140	-10.6338	5.75201	4.88177
1	107048	107233	107145	-10.6667	5.75535	4.91132
1.01	107023	107233	107148	-10.6338	5.72284	4.91094
1.02	106998	107230	107148	-10.5353	5.65394	4.8814
1.03	106974	107223	107145	-10.3719	5.54715	4.8248
1.04	106953	107212	107140	-10.1446	5.40054	4.74406
1.05	106932	107198	107132	-9.85472	5.21238	4.64234
1.06	106912	107178	107122	-9.50407	4.98188	4.52219
1.07	106892	107154	107110	-9.09483	4.71018	4.38464
1.08	106870	107126	107096	-8.62951	4.40045	4.22906
1.09	106845	107092	107080	-8.111	4.0577	4.0533
1.1	106816	107056	107063	-7.54247	3.68867	3.85381
1.11	106781	107018	107043	-6.92745	3.30125	3.6262
1.12	106741	106979	107020	-6.26971	2.90274	3.36697
1.13	106694	106941	106994	-5.57332	2.49812	3.0752
1.14	106644	106902	106965	-4.84257	2.09035	2.75221
1.15	106590	106862	106933	-4.08196	1.68003	2.40193
1.16	106534	106821	106898	-3.29618	1.26634	2.02984
1.17	106476	106780	106860	-2.49008	0.848732	1.64135
1.18	106418	106737	106821	-1.66863	0.427874	1.24076
1.19	106358	106694	106781	-0.836897	0.00558624	0.831311
1.2	106297	106651	106740	3.87347e-28	-0.415558	0.415558
1.21	106661	106609	106698	3.88671e-28	-0.346666	0.346666
1.22	106661	106618	106692	3.88674e-28	-0.292131	0.292131
1.23	106661	106624	106686	3.88674e-28	-0.248253	0.248253
1.24	106661	106629	106682	3.88674e-28	-0.212322	0.212322
1.25	106662	106633	106679	3.88674e-28	-0.182438	0.182438
1.26	106662	106637	106676	3.88674e-28	-0.157208	0.157208
1.27	106662	106640	106673	3.88675e-28	-0.135681	0.135681
1.28	106662	106642	106671	3.88675e-28	-0.117187	0.117187
1.29	106662	106644	106669	3.88675e-28	-0.101235	0.101235
1.3	106662	106646	106668	3.88675e-28	-0.0874515	0.0874515
1.31	106662	106648	106666	3.88674e-28	-0.0755431	0.0755431
1.32	106661	106649	106665	3.88674e-28	-0.0652645	0.0652645
1.33	106661	106650	106664	3.88673e-28	-0.0563941	0.0563941
1.34	106661	106651	106663	3.88672e-28	-0.0487282	0.0487282
1.35	106660	106652	106662	3.8867e-28	-0.0420806	0.0420806
1.36	106660	106653	106662	3.88669e-28	-0.0362866	0.0362866
1.37	106660	106653	106661	3.88668e-28	-0.0312089	0.0312089
1.38	106659	106654	106661	3.88666e-28	-0.0267391	0.0267391
1.39	106659	106654	106660	3.88665e-28	-0.0227939	0.0227939
1.4	106659	106655	106660	3.88664e-28	-0.0193089	0.0193089
1.41	106659	106655	106659	3.88663e-28	-0.0162339	0.0162339
1.42	106658	106656	106659	3.88663e-28	-0.0135276	0.0135276
1.43	106658	106656	106659	3.88662e-28	-0.0111544	0.0111544
1.44	106658	106656	106659	3.88662e-28	-0.00908276	0.00908276
1.45	106658	106656	106658	3.88661e-28	-0.00728352	0.00728352
1.46	106658	106657	106658	3.88661e-28	-0.00572984	0.00572984
1.47	106658	106657	106658	3.8866e-28	-0.00439661	0.00439661
1.48	106658	106657	106658	3.8866e-28	-0.0032602	0.0032602
1.49	106658	106657	106658	3.8866e-28	-0.00229855	0.00229855
1.5	106658	106657	106658	3.8866e-28	-0.00149111	0.00149111
1.51	106658	106657	106658	3.8866e-28	-0.000819007	0.000819007
1.52	106657	106657	106658	3.88659e-28	-0.000264947	0.000264947
1.53	106657	106658	106658	3.88659e-28	0.000186751	-0.000186751
1.54	106657	106658	106658	3.88659e-28	0.000550221	-0.000550221
1.55	106657	106658	106658	3.88659e-28	0.000838117	-0.000838117
1.56	106657	106658	106658	3.88659e-28	0.00106169	-0.00106169
1.57	106657	106658	106657	3.88659e-28	0.00123089	-0.00123089
1.58	106657	106658	106657	3.88659e-28	0.00135444	-0.00135444
1.59	106657	106658	106657	3.88659e-28	0.00143998	-0.00143998
1.6	106657	106658	106657	-9.30098e-14	0.00149411	-0.00149411
1.61	107081	106658	106657	-0.836897	0.489029	0.347868
1.62	107130	106707	106692	-1.66863	0.959277	0.709358
1.63	107168	106754	106728	-2.49008	1.41301	1.07707
1.64	107198	106799	106765	-3.29618	1.85012	1.44606
1.65	107220	106843	106802	-4.08196	2.27026	1.8117
1.66	107234	106885	106839	-4.84257	2.67377	2.1688
1.67	107242	106925	106874	-5.57332	3.06125	2.51207
1.68	107243	106964	106909	-6.26971	3.43204	2.83767
1.69	107239	107001	106941	-6.92745	3.78385	3.1436
1.7	107231	107036	106972	-7.54247	4.1141	3.42838
1.71	107219	107069	107000	-8.111	4.42079	3.69021
1.72	107205	107100	107026	-8.62951	4.7021	3.92741
1.73	107190	107128	107050	-9.09483	4.95573	4.1391
1.74	107174	107153	107071	-9.50407	5.17872	4.32535
1.75	107158	107175	107090	-9.85472	5.36794	4.48677
1.76	107140	107194	107106	-10.1446	5.52081	4.62379
1.77	107120	107210	107120	-10.3719	5.63577	4.73617
1.78	107098	107221	107131	-10.5353	5.71264	4.82271
1.79	107074	107229	107140	-10.6338	5.75223	4.88156
1.8	107048	107233	107145	-10.6667	5.75553	4.91114
1.81	107023	107233	107148	-10.6338	5.72299	4.9108
1.82	106998	107230	107148	-10.5353	5.65404	4.8813
1.83	106974	107223	107145	-10.3719	5.54721	4.82474
1.84	106953	107212	107140	-10.1446	5.40055	4.74405
1.85	106932	107198	107132	-9.85472	5.21234	4.64238
1.86	106912	107178	107122	-9.50407	4.98178	4.52229
1.87	106892	107154	107110	-9.09483	4.71003	4.3848
1.88	106870	107126	107096	-8.62951	4.40025	4.22927
1.89	106845	107092	107080	-8.111	4.05745	4.05355
1.9	106816	107056	107063	-7.54247	3.68838	3.85409
1.91	106781	107018	107043	-6.92745	3.30096	3.62649
1.92	106741	106979	107020	-6.26971	2.90247	3.36724
1.93	106694	106941	106994	-5.57332	2.4979	3.07542
1.94	106644	106902	106965	-4.84257	2.0902	2.75236
1.95	106590	106862	106933	-4.08196	1.67994	2.40202
1.96	106534	106821	106898	-3.29618	1.26629	2.02989
1.97	106476	106780	106860	-2.49008	0.848713	1.64137
1.98	106418	106737	106821	-1.66863	0.427869	1.24077
1.99	106358	106694	106781	-0.836897	0.00558846	0.831309
2	106297	106651	106740	3.87347e-28	-0.415553	0.415553
2.01	106661	106609	106698	3.88671e-28	-0.346661	0.346661
2.02	106661	106618	106692	3.88674e-28	-0.292126	0.292126
2.03	106661	106624	106686	3.88674e-28	-0.248249	0.248249
2.04	106661	106629	106682	3.88674e-28	-0.212319	0.212319
2.05	106662	106633	106679	3.88674e-28	-0.182436	0.182436
2.06	106662	106637	106676	3.88674e-28	-0.157207	0.157207
2.07	106662	106640	106673	3.88675e-28	-0.13568	0.13568
2.08	106662	106642	106671	3.88675e-28	-0.117187	0.117187
2.09	106662	106644	106669	3.88675e-28	-0.101235	0.101235
2.1	106662	106646	106668	3.88675e-28	-0.0874517	0.0874517
2.11	106662	106648	106666	3.88674e-28	-0.0755435	0.0755435
2.12	106661	106649	106665	3.88674e-28	-0.0652651	0.0652651
2.13	106661	106650	106664	3.88673e-28	-0.0563948	0.0563948
2.14	106661	106651	106663	3.88672e-28	-0.0487289	0.0487289
2.15	106660	106652	106662	3.8867e-28	-0.0420812	0.0420812
2.16	106660	106653	106662	3.88669e-28	-0.0362872	0.0362872
2.17	106660	106653	106661	3.88668e-28	-0.0312094	0.0312094
2.18	106659	106654	106661	3.88666e-28	-0.0267396	0.0267396
2.19	106659	106654	106660	3.88665e-28	-0.0227944	0.0227944
2.2	106659	106655	106660	3.88664e-28	-0.0193094	0.0193094
2.21	106659	106655	106659	3.88663e-28	-0.0162344	0.0162344
2.22	106658	106656	106659	3.88663e-28	-0.0135281	0.0135281
2.23	106658	106656	106659	3.88662e-28	-0.0111549	0.0111549
2.24	106658	106656	106659	3.88662e-28	-0.00908324	0.00908324
2.25	106658	106656	106658	3.88661e-28	-0.00728403	0.00728403
2.26	106658	106657	106658	3.88661e-28	-0.00573038	0.00573038
2.27	106658	106657	106658	3.8866e-28	-0.00439716	0.00439716
2.28	106658	106657	106658	3.8866e-28	-0.00326078	0.00326078
2.29	106658	106657	106658	3.8866e-28	-0.00229914	0.00229914
2.3	106658	106657	106658	3.8866e-28	-0.00149173	0.00149173
2.31	106658	106657	106658	3.8866e-28	-0.000819636	0.000819636
2.32	106657	106657	106658	3.88659e-28	-0.000265589	0.000265589
2.33	106657	106658	106658	3.88659e-28	0.000186098	-0.000186098
2.34	106657	106658	106658	3.88659e-28	0.00054956	-0.00054956
2.35	106657	106658	106658	3.88659e-28	0.00083745	-0.00083745
2.36	106657	106658	106658	3.88659e-28	0.00106102	-0.00106102
2.37	106657	106658	106657	3.88659e-28	0.00123022	-0.00123022
2.38	106657	106658	106657	3.88659e-28	0.00135377	-0.00135377
2.39	106657	106658	106657	3.88659e-28	0.00143931	-0.00143931
2.4	106657	106658	106657	3.88659e-28	0.00149345	-0.00149345
2.41	107081	106658	106657	-0.836897	0.489028	0.347869
2.42	107130	106707	106692	-1.66863	0.959275	0.709359
2.43	107168	106754	106728	-2.49008	1.41301	1.07708
2.44	107198	106799	106765	-3.29618	1.85012	1.44607
2.45	107220	106843	106802	-4.08196	2.27026	1.8117
2.46	107234	106885	106839	-4.84257	2.67376	2.1688
2.47	107242	106925	106874	-5.57332	3.06125	2.51207
2.48	107243	106964	106909	-6.26971	3.43203	2.83768
2.49	107239	107001	106941	-6.92745	3.78384	3.1436
2.5	107231	107036	106972	-7.54247	4.11409	3.42838
2.51	107219	107069	107000	-8.111	4.42078	3.69021
2.52	107205	107100	107026	-8.62951	4.7021	3.92741
2.53	107190	107128	107050	-9.09483	4.95572	4.1391
2.54	107174	107153	107071	-9.50407	5.17872	4.32535
2.55	107158	107175	107090	-9.85472	5.36794	4.48677
2.56	107140	107194	107106	-10.1446	5.52081	4.6238
2.57	107120	107210	107120	-10.3719	5.63577	4.73618
2.58	107098	107221	107131	-10.5353	5.71263	4.82271
2.59	107074	107229	107140	-10.6338	5.75223	4.88156
2.6	107048	107233	107145	-10.6667	5.75553	4.91114
2.61	107023	107233	107148	-10.6338	5.72299	4.9108
2.62	106998	107230	107148	-10.5353	5.65404	4.8813
2.63	106974	107223	107145	-10.3719	5.54721	4.82474
2.64	106953	107212	107140	-10.1446	5.40055	4.74405
2.65	106932	107198	107132	-9.85472	5.21234	4.64238
2.66	106912	107178	107122	-9.50407	4.98178	4.52229
2.67	106892	107154	107110	-9.09483	4.71003	4.3848
2.68	106870	107126	107096	-8.62951	4.40025	4.22926
2.69	106845	107092	107080	-8.111	4.05745	4.05355
2.7	106816	107056	107063	-7.54247	3.68838	3.85409
2.71	106781	107018	107043	-6.92745	3.30096	3.62649
2.72	106741	106979	107020	-6.26971	2.90247	3.36724
2.73	106694	106941	106994	-5.57332	2.4979	3.07542
2.74	106644	106902	106965	-4.84257	2.0902	2.75236
2.75	106590	106862	106933	-4.08196	1.67994	2.40202
2.76	106534	106821	106898	-3.29618	1.26629	2.02989
2.77	106476	106780	106860	-2.49008	0.848713	1.64137
2.78	106418	106737	106821	-1.66863	0.427869	1.24077
2.79	106358	106694	106781	-0.836897	0.00558838	0.831309
2.8	106297	106651	106740	-1.3466e-12	-0.415553	0.415553
2.81	106661	106609	106698	3.88671e-28	-0.346661	0.346661
2.82	106661	106618	106692	3.88674e-28	-0.292126	0.292126
2.83	106661	106624	106686	3.88674e-28	-0.248249	0.248249
2.84	106661	106629	106682	3.88674e-28	-0.212319	0.212319
2.85	106662	106633	106679	3.88674e-28	-0.182436	0.182436
2.86	106662	106637	106676	3.88674e-28	-0.157207	0.157207
2.87	106662	106640	106673	3.88675e-28	-0.13568	0.13568
2.88	106662	106642	106671	3.88675e-28	-0.117187	0.117187
2.89	106662	106644	106669	3.88675e-28	-0.101235	0.101235
2.9	106662	106646	106668	3.88675e-28	-0.0874517	0.0874517
2.91	106662	106648	106666	3.88674e-28	-0.0755435	0.0755435
2.92	106661	106649	106665	3.88674e-28	-0.0652651	0.0652651
2.93	106661	106650	106664	3.88673e-28	-0.0563948	0.0563948
2.94	106661	106651	106663	3.88672e-28	-0.0487289	0.0487289
2.95	106660	106652	106662	3.8867e-28	-0.0420812	0.0420812
2.96	106660	106653	106662	3.88669e-28	-0.0362872	0.0362872
2.97	106660	106653	106661	3.88668e-28	-0.0312094	0.0312094
2.98	106659	106654	106661	3.88666e-28	-0.0267396	0.0267396
2.99	106659	106654	106660	3.88665e-28	-0.0227944	0.0227944
3	106659	106655	106660	3.88664e-28	-0.0193094	0.0193094
3.01	106659	106655	106659	3.88663e-28	-0.0162344	0.0162344
3.02	106658	106656	106659	3.88663e-28	-0.013528	0.013528
3.03	106658	106656	106659	3.88662e-28	-0.0111549	0.0111549
3.04	106658	106656	106659	3.88662e-28	-0.00908323	0.00908323
3.05	106658	106656	106658	3.88661e-28	-0.00728402	0.00728402
3.06	106658	106657	106658	3.88661e-28	-0.00573037	0.00573037
3.07	106658	106657	106658	3.8866e-28	-0.00439715	0.00439715
3.08	106658	106657	106658	3.8866e-28	-0.00326077	0.00326077
3.09	106658	106657	106658	3.8866e-28	-0.00229913	0.00229913
3.1	106658	106657	106658	3.8866e-28	-0.00149172	0.00149172
3.11	106658	106657	106658	3.8866e-28	-0.000819628	0.000819628
3.12	106657	106657	106658	3.88659e-28	-0.000265582	0.000265582
3.13	106657	106658	106658	3.88659e-28	0.000186105	-0.000186105
3.14	106657	106658	106658	3.88659e-28	0.000549567	-0.000549567
3.15	106657	106658	106658	3.88659e-28	0.000837456	-0.000837456
3.16	106657	106658	106658	3.88659e-28	0.00106103	-0.00106103
3.17	106657	106658	106657	3.88659e-28	0.00123022	-0.00123022
3.18	106657	106658	106657	3.88659e-28	0.00135378	-0.00135378
3.19	106657	106658	106657	3.88659e-28	0.00143932	-0.00143932
3.2	106657	106658	106657	3.88659e-28	0.00149346	-0.00149346
3.21	107081	106658	106657	-0.836897	0.489028	0.347869
3.22	107130	106707	106692	-1.66863	0.959275	0.709359
3.23	107168	106754	106728	-2.49008	1.41301	1.07708
3.24	107198	106799	106765	-3.29618	1.85012	1.44607
3.25	107220	106843	106802	-4.08196	2.27026	1.8117
3.26	107234	106885	106839	-4.84257	2.67377	2.1688
3.27	107242	106925	106874	-5.57332	3.06125	2.51207
3.28	107243	106964	106909	-6.26971	3.43203	2.83768
3.29	107239	107001	106941	-6.92745	3.78384	3.1436
3.3	107231	107036	106972	-7.54247	4.11409	3.42838
3.31	107219	107069	107000	-8.111	4.42078	3.69021
3.32	107205	107100	107026	-8.62951	4.7021	3.92741
3.33	107190	107128	107050	-9.09483	4.95572	4.1391
3.34	107174	107153	107071	-9.50407	5.17872	4.32535
3.35	107158	107175	107090	-9.85472	5.36794	4.48677
3.36	107140	107194	107106	-10.1446	5.52081	4.6238
3.37	107120	107210	107120	-10.3719	5.63577	4.73618
3.38	107098	107221	107131	-10.5353	5.71263	4.82271
3.39	107074	107229	107140	-10.6338	5.75223	4.88156
3.4	107048	107233	107145	-10.6667	5.75553	4.91114
3.41	107023	107233	107148	-10.6338	5.72299	4.9108
3.42	106998	107230	107148	-10.5353	5.65404	4.8813
3.43	106974	107223	107145	-10.3719	5.54721	4.82474
3.44	106953	107212	107140	-10.1446	5.40055	4.74405
3.45	106932	107198	107132	-9.85472	5.21234	4.64238
3.46	106912	107178	107122	-9.50407	4.98178	4.52229
3.47	106892	107154	107110	-9.09483	4.71003	4.3848
3.48	106870	107126	107096	-8.62951	4.40025	4.22926
3.49	106845	107092	107080	-8.111	4.05745	4.05355
3.5	106816	107056	107063	-7.54247	3.68838	3.85409
3.51	106781	107018	107043	-6.92745	3.30096	3.62649
3.52	106741	106979	107020	-6.26971	2.90247	3.36724
3.53	106694	106941	106994	-5.57332	2.4979	3.07542
3.54	106644	106902	106965	-4.84257	2.0902	2.75236
3.55	106590	106862	106933	-4.08196	1.67994	2.40202
3.56	106534	106821	106898	-3.29618	1.26629	2.02989
3.57	106476	106780	106860	-2.49008	0.848713	1.64137
3.58	106418	106737	106821	-1.66863	0.427869	1.24077
3.59	106358	106694	106781	-0.836897	0.00558838	0.831309
3.6	106297	106651	106740	-2.76295e-12	-0.415553	0.415553
3.61	106661	106609	106698	3.88671e-28	-0.346661	0.346661
3.62	106661	106618	106692	3.88674e-28	-0.292126	0.292126
3.63	106661	106624	106686	3.88674e-28	-0.248249	0.248249
3.64	106661	106629	106682	3.88674e-28	-0.212319	0.212319
3.65	106662	106633	106679	3.88674e-28	-0.182436	0.182436
3.66	106662	106637	106676	3.88674e-28	-0.157207	0.157207
3.67	106662	106640	106673	3.88675e-28	-0.13568	0.13568
3.68	106662	106642	106671	3.88675e-28	-0.117187	0.117187
3.69	106662	106644	106669	3.88675e-28	-0.101235	0.101235
3.7	106662	106646	106668	3.88675e-28	-0.0874517	0.0874517
3.71	106662	106648	106666	3.88674e-28	-0.0755435	0.0755435
3.72	106661	106649	106665	3.88674e-28	-0.0652651	0.0652651
3.73	106661	106650	106664	3.88673e-28	-0.0563948	0.0563948
3.74	106661	106651	106663	3.88672e-28	-0.0487289	0.0487289
3.75	106660	106652	106662	3.8867e-28	-0.0420812	0.0420812
3.76	106660	106653	106662	3.88669e-28	-0.0362872	0.0362872
3.77	106660	106653	106661	3.88668e-28	-0.0312094	0.0312094
3.78	106659	106654	106661	3.88666e-28	-0.0267396	0.0267396
3.79	106659	106654	106660	3.88665e-28	-0.0227944	0.0227944
3.8	106659	106655	106660	3.88664e-28	-0.0193094	0.0193094
3.81	106659	106655	106659	3.88663e-28	-0.0162344	0.0162344
3.82	106658	106656	106659	3.88663e-28	-0.013528	0.013528
3.83	106658	106656	106659	3.88662e-28	-0.0111549	0.0111549
3.84	106658	106656	106659	3.88662e-28	-0.00908323	0.00908323
3.85	106658	106656	106658	3.88661e-28	-0.00728402	0.00728402
3.86	106658	106657	106658	3.88661e-28	-0.00573037	0.00573037
3.87	106658	106657	106658	3.8866e-28	-0.00439715	0.00439715
3.88	106658	106657	106658	3.8866e-28	-0.00326077	0.00326077
3.89	106658	106657	106658	3.8866e-28	-0.00229913	0.00229913
3.9	106658	106657	106658	3.8866e-28	-0.00149172	0.00149172
3.91	106658	106657	106658	3.8866e-28	-0.000819628	0.000819628
3.92	106657	106657	106658	3.88659e-28	-0.000265582	0.000265582
3.93	106657	106658	106658	3.88659e-28	0.000186105	-0.000186105
3.94	106657	106658	106658	3.88659e-28	0.000549567	-0.000549567
3.95	106657	106658	106658	3.88659e-28	0.000837456	-0.000837456
3.96	106657	106658	106658	3.88659e-28	0.00106103	-0.00106103
3.97	106657	106658	106657	3.88659e-28	0.00123022	-0.00123022
3.98	106657	106658	106657	3.88659e-28	0.00135378	-0.00135378
3.99	106657	106658	106657	3.88659e-28	0.00143932	-0.00143932
4	106657	106658	106657	3.88659e-28	0.00149346	-0.00149346
4.01	107081	106658	106657	-0.836897	0.489028	0.347869
4.02	107130	106707	106692	-1.66863	0.959275	0.709359
4.03	107168	106754	106728	-2.49008	1.41301	1.07708
4.04	107198	106799	106765	-3.29618	1.85012	1.44607
4.05	107220	106843	106802	-4.08196	2.27026	1.8117
4.06	107234	106885	106839	-4.84257	2.67377	2.1688
4.07	107242	106925	106874	-5.57332	3.06125	2.51207
4.08	107243	106964	106909	-6.26971	3.43203	2.83768
4.09	107239	107001	106941	-6.92745	3.78384	3.1436
4.1	107231	107036	106972	-7.54247	4.11409	3.42838
4.11	107219	107069	107000	-8.111	4.42078	3.69021
4.12	107205	107100	107026	-8.62951	4.7021	3.92741
4.13	107190	107128	107050	-9.09483	4.95572	4.1391
4.14	107174	107153	107071	-9.50407	5.17872	4.32535
4.15	107158	107175	107090	-9.85472	5.36794	4.48677
4.16	107140	107194	107106	-10.1446	5.52081	4.6238
4.17	107120	107210	107120	-10.3719	5.63577	4.73618
4.18	107098	107221	107131	-10.5353	5.71263	4.82271
4.19	107074	107229	107140	-10.6338	5.75223	4.88156
4.2	107048	107233	107145	-10.6667	5.75553	4.91114
4.21	107023	107233	107148	-10.6338	5.72299	4.9108
4.22	106998	107230	107148	-10.5353	5.65404	4.8813
4.23	106974	107223	107145	-10.3719	5.54721	4.82474
4.24	106953	107212	107140	-10.1446	5.40055	4.74405
4.25	106932	107198	107132	-9.85472	5.21234	4.64238
4.26	106912	107178	107122	-9.50407	4.98178	4.52229
4.27	106892	107154	107110	-9.09483	4.71003	4.3848
4.28	106870	107126	107096	-8.62951	4.40025	4.22926
4.29	106845	107092	107080	-8.111	4.05745	4.05355
4.3	106816	107056	107063	-7.54247	3.68838	3.85409
4.31	106781	107018	107043	-6.92745	3.30096	3.62649
4.32	106741	106979	107020	-6.26971	2.90247	3.36724
4.33	106694	106941	106994	-5.57332	2.4979	3.07542
4.34	106644	106902	106965	-4.84257	2.0902	2.75236
4.35	106590	106862	106933	-4.08196	1.67994	2.40202
4.36	106534	106821	106898	-3.29618	1.26629	2.02989
4.37	106476	106780	106860	-2.49008	0.848713	1.64137
4.38	106418	106737	106821	-1.66863	0.427869	1.24077
4.39	106358	106694	106781	-0.836897	0.00558838	0.831309
4.4	106297	106651	106740	-4.1414e-12	-0.415553	0.415553
4.41	106661	106609	106698	3.88671e-28	-0.346661	0.346661
4.42	106661	106618	106692	3.88674e-28	-0.292126	0.292126
4.43	106661	106624	106686	3.88674e-28	-0.248249	0.248249
4.44	106661	106629	106682	3.88674e-28	-0.212319	0.212319
4.45	106662	106633	106679	3.88674e-28	-0.182436	0.182436
4.46	106662	106637	106676	3.88674e-28	-0.157207	0.157207
4.47	106662	106640	106673	3.88675e-28	-0.13568	0.13568
4.48	106662	106642	106671	3.88675e-28	-0.117187	0.117187
4.49	106662	106644	106669	3.88675e-28	-0.101235	0.101235
4.5	106662	106646	106668	3.88675e-28	-0.0874517	0.0874517
4.51	106662	106648	106666	3.88674e-28	-0.0755435	0.0755435
4.52	106661	106649	106665	3.88674e-28	-0.0652651	0.0652651
4.53	106661	106650	106664	3.88673e-28	-0.0563948	0.0563948
4.54	106661	106651	106663	3.88672e-28	-0.0487289	0.0487289
4.55	106660	106652	106662	3.8867e-28	-0.0420812	0.0420812
4.56	106660	106653	106662	3.88669e-28	-0.0362872	0.0362872
4.57	106660	106653	106661	3.88668e-28	-0.0312094	0.0312094
4.58	106659	106654	106661	3.88666e-28	-0.0267396	0.0267396
4.59	106659	106654	106660	3.88665e-28	-0.0227944	0.0227944
4.6	106659	106655	106660	3.88664e-28	-0.0193094	0.0193094
4.61	106659	106655	106659	3.88663e-28	-0.0162344	0.0162344
4.62	106658	106656	106659	3.88663e-28	-0.013528	0.013528
4.63	106658	106656	106659	3.88662e-28	-0.0111549	0.0111549
4.64	106658	106656	106659	3.88662e-28	-0.00908323	0.00908323
4.65	106658	106656	106658	3.88661e-28	-0.00728402	0.00728402
4.66	106658	106657	106658	3.88661e-28	-0.00573037	0.00573037
4.67	106658	106657	106658	3.8866e-28	-0.00439715	0.00439715
4.68	106658	106657	106658	3.8866e-28	-0.00326077	0.00326077
4.69	106658	106657	106658	3.8866e-28	-0.00229913	0.00229913
4.7	106658	106657	106658	3.8866e-28	-0.00149172	0.00149172
4.71	106658	106657	106658	3.8866e-28	-0.000819628	0.000819628
4.72	106657	106657	106658	3.88659e-28	-0.000265582	0.000265582
4.73	106657	106658	106658	3.88659e-28	0.000186105	-0.000186105
4.74	106657	106658	106658	3.88659e-28	0.000549567	-0.000549567
4.75	106657	106658	106658	3.88659e-28	0.000837456	-0.000837456
4.76	106657	106658	106658	3.88659e-28	0.00106103	-0.00106103
4.77	106657	106658	106657	3.88659e-28	0.00123022	-0.00123022
4.78	106657	106658	106657	3.88659e-28	0.00135378	-0.00135378
4.79	106657	106658	106657	3.88659e-28	0.00143932	-0.00143932
4.8	106657	106658	106657	3.88659e-28	0.00149346	-0.00149346
4.81	107081	106658	106657	-0.836897	0.489028	0.347869
4.82	107130	106707	106692	-1.66863	0.959275	0.709359
4.83	107168	106754	106728	-2.49008	1.41301	1.07708
4.84	107198	106799	106765	-3.29618	1.85012	1.44607
4.85	107220	106843	106802	-4.08196	2.27026	1.8117
4.86	107234	106885	106839	-4.84257	2.67377	2.1688
4.87	107242	106925	106874	-5.57332	3.06125	2.51207
4.88	107243	106964	106909	-6.26971	3.43203	2.83768
4.89	107239	107001	106941	-6.92745	3.78384	3.1436
4.9	107231	107036	106972	-7.54247	4.11409	3.42838
4.91	107219	107069	107000	-8.111	4.42078	3.69021
4.92	107205	107100	107026	-8.62951	4.7021	3.92741
4.93	107190	107128	107050	-9.09483	4.95572	4.1391
4.94	107174	107153	107071	-9.50407	5.17872	4.32535
4.95	107158	107175	107090	-9.85472	5.36794	4.48677
4.96	107140	107194	107106	-10.1446	5.52081	4.6238
4.97	107120	107210	107120	-10.3719	5.63577	4.73618
4.98	107098	107221	107131	-10.5353	5.71263	4.82271
4.99	107074	107229	107140	-10.6338	5.75223	4.88156
5	107048	107233	107145	-10.6667	5.75553	4.91114
5.01	107023	107233	107148	-10.6338	5.72299	4.9108
5.02	106998	107230	107148	-10.5353	5.65404	4.8813
5.03	106974	107223	107145	-10.3719	5.54721	4.82474
5.04	106953	107212	107140	-10.1446	5.40055	4.74405
5.05	106932	107198	107132	-9.85472	5.21234	4.64238
5.06	106912	107178	107122	-9.50407	4.98178	4.52229
5.07	106892	107154	107110	-9.09483	4.71003	4.3848
5.08	106870	107126	107096	-8.62951	4.40025	4.22926
5.09	106845	107092	107080	-8.111	4.05745	4.05355
5.1	106816	107056	107063	-7.54247	3.68838	3.85409
5.11	106781	107018	107043	-6.92745	3.30096	3.62649
5.12	106741	106979	107020	-6.26971	2.90247	3.36724
5.13	106694	106941	106994	-5.57332	2.4979	3.07542
5.14	106644	106902	106965	-4.84257	2.0902	2.75236
5.15	106590	106862	106933	-4.08196	1.67994	2.40202
5.16	106534	106821	106898	-3.29618	1.26629	2.02989
5.17	106476	106780	106860	-2.49008	0.848713	1.64137
5.18	106418	106737	106821	-1.66863	0.427869	1.24077
5.19	106358	106694	106781	-0.836897	0.00558838	0.831309
5.2	106297	106651	106740	-5.6288e-12	-0.415553	0.415553
5.21	106661	106609	106698	3.88671e-28	-0.346661	0.346661
5.22	106661	106618	106692	3.88674e-28	-0.292126	0.292126
5.23	106661	106624	106686	3.88674e-28	-0.248249	0.248249
5.24	106661	106629	106682	3.88674e-28	-0.212319	0.212319
5.25	106662	106633	106679	3.88674e-28	-0.182436	0.182436
5.26	106662	106637	106676	3.88674e-28	-0.157207	0.157207
5.27	106662	106640	106673	3.88675e-28	-0.13568	0.13568
5.28	106662	106642	106671	3.88675e-28	-0.117187	0.117187
5.29	106662	106644	106669	3.88675e-28	-0.101235	0.101235
5.3	106662	106646	106668	3.88675e-28	-0.0874517	0.0874517
5.31	106662	106648	106666	3.88674e-28	-0.0755435	0.0755435
5.32	106661	106649	106665	3.88674e-28	-0.0652651	0.0652651
5.33	106661	106650	106664	3.88673e-28	-0.0563948	0.0563948
5.34	106661	106651	106663	3.88672e-28	-0.0487289	0.0487289
5.35	106660	106652	106662	3.8867e-28	-0.0420812	0.0420812
5.36	106660	106653	106662	3.88669e-28	-0.0362872	0.0362872
5.37	106660	106653	106661	3.88668e-28	-0.0312094	0.0312094
5.38	106659	106654	106661	3.88666e-28	-0.0267396	0.0267396
5.39	106659	106654	106660	3.88665e-28	-0.0227944	0.0227944
5.4	106659	106655	106660	3.88664e-28	-0.0193094	0.0193094
5.41	106659	106655	106659	3.88663e-28	-0.0162344	0.0162344
5.42	106658	106656	106659	3.88663e-28	-0.013528	0.013528
5.43	106658	106656	106659	3.88662e-28	-0.0111549	0.0111549
5.44	106658	106656	106659	3.88662e-28	-0.00908323	0.00908323
5.45	106658	106656	106658	3.88661e-28	-0.00728402	0.00728402
5.46	106658	106657	106658	3.88661e-28	-0.00573037	0.00573037
5.47	106658	106657	106658	3.8866e-28	-0.00439715	0.00439715
5.48	106658	106657	106658	3.8866e-28	-0.00326077	0.00326077
5.49	106658	106657	106658	3.8866e-28	-0.00229913	0.00229913
5.5	106658	106657	106658	3.8866e-28	-0.00149172	0.00149172
5.51	106658	106657	106658	3.8866e-28	-0.000819628	0.000819628
5.52	106657	106657	106658	3.88659e-28	-0.000265582	0.000265582
5.53	106657	106658	106658	3.88659e-28	0.000186105	-0.000186105
5.54	106657	106658	106658	3.88659e-28	0.000549567	-0.000549567
5.55	106657	106658	106658	3.88659e-28	0.000837456	-0.000837456
5.56	106657	106658	106658	3.88659e-28	0.00106103	-0.00106103
5.57	106657	106658	106657	3.88659e-28	0.00123022	-0.00123022
5.58	106657	106658	106657	3.88659e-28	0.00135378	-0.00135378
5.59	106657	106658	106657	3.88659e-28	0.00143932	-0.00143932
5.6	106657	106658	106657	3.88659e-28	0.00149346	-0.00149346
5.61	107081	106658	106657	-0.836897	0.489028	0.347869
5.62	107130	106707	106692	-1.66863	0.959275	0.709359
5.63	107168	106754	106728	-2.49008	1.41301	1.07708
5.64	107198	106799	106765	-3.29618	1.85012	1.44607
5.65	107220	106843	106802	-4.08196	2.27026	1.8117
5.66	107234	106885	106839	-4.84257	2.67377	2.1688
5.67	107242	106925	106874	-5.57332	3.06125	2.51207
5.68	107243	106964	106909	-6.26971	3.43203	2.83768
5.69	107239	107001	106941	-6.92745	3.78384	3.1436
5.7	107231	107036	106972	-7.54247	4.11409	3.42838
5.71	107219	107069	107000	-8.111	4.42078	3.69021
5.72	107205	107100	107026	-8.62951	4.7021	3.92741
5.73	107190	107128	107050	-9.09483	4.95572	4.1391
5.74	107174	107153	107071	-9.50407	5.17872	4.32535
5.75	107158	107175	107090	-9.85472	5.36794	4.48677
5.76	107140	107194	107106	-10.1446	5.52081	4.6238
5.77	107120	107210	107120	-10.3719	5.63577	4.73618
5.78	107098	107221	107131	-10.5353	5.71263	4.82271
5.79	107074	107229	107140	-10.6338	5.75223	4.88156
5.8	107048	107233	107145	-10.6667	5.75553	4.91114
5.81	107023	107233	107148	-10.6338	5.72299	4.9108
5.82	106998	107230	107148	-10.5353	5.65404	4.8813
5.83	106974	107223	107145	-10.3719	5.54721	4.82474
5.84	106953	107212	107140	-10.1446	5.40055	4.74405
5.85	106932	107198	107132	-9.85472	5.21234	4.64238
5.86	106912	107178	107122	-9.50407	4.98178	4.52229
5.87	106892	107154	107110	-9.09483	4.71003	4.3848
5.88	106870	107126	107096	-8.62951	4.40025	4.22926
5.89	106845	107092	107080	-8.111	4.05745	4.05355
5.9	106816	107056	107063	-7.54247	3.68838	3.85409
5.91	106781	107018	107043	-6.92745	3.30096	3.62649
5.92	106741	106979	107020	-6.26971	2.90247	3.36724
5.93	106694	106941	106994	-5.57332	2.4979	3.07542
5.94	106644	106902	106965	-4.84257	2.0902	2.75236
5.95	106590	106862	106933	-4.08196	1.67994	2.40202
5.96	106534	106821	106898	-3.29618	1.26629	2.02989
5.97	106476	106780	106860	-2.49008	0.848713	1.64137
5.98	106418	106737	106821	-1.66863	0.427869	1.24077
5.99	106358	106694	106781	-0.836897	0.00558838	0.831309
6	106297	106651	106740	-7.04515e-12	-0.415553	0.415553
6.01	106661	106609	106698	3.88671e-28	-0.346661	0.346661
6.02	106661	106618	106692	3.88674e-28	-0.292126	0.292126
6.03	106661	106624	106686	3.88674e-28	-0.248249	0.248249
