0	106658	106658	106658	6.27698e-28	2.19739e-14	-2.19739e-14
0.01	107082	106658	106658	-0.836897	0.488163	0.348734
0.02	107130	106706	106692	-1.66863	0.96026	0.708375
0.03	107168	106754	106728	-2.49008	1.41737	1.07271
0.04	107198	106799	106765	-3.29618	1.85996	1.43622
0.05	107220	106844	106801	-4.08196	2.28774	1.79421
0.06	107234	106886	106837	-4.84257	2.69974	2.14282
0.07	107242	106928	106872	-5.57332	3.0945	2.47882
0.08	107243	106967	106905	-6.26971	3.47027	2.79944
0.09	107239	107005	106937	-6.92745	3.82513	3.10232
0.1	107231	107040	106967	-7.54247	4.15715	3.38532
0.11	107219	107073	106996	-8.111	4.46442	3.64658
0.12	107204	107104	107022	-8.62951	4.74491	3.88461
0.13	107189	107132	107046	-9.09483	4.9963	4.09853
0.14	107173	107157	107067	-9.50407	5.21598	4.28809
0.15	107156	107179	107086	-9.85472	5.40129	4.45342
0.16	107138	107198	107102	-10.1446	5.55009	4.59452
0.17	107118	107213	107117	-10.3719	5.66119	4.71075
0.18	107096	107224	107128	-10.5353	5.73472	4.80063
0.19	107072	107231	107137	-10.6338	5.77146	4.86232
0.2	107047	107235	107143	-10.6667	5.77229	4.89438
0.21	107021	107235	107147	-10.6338	5.73768	4.8961
0.22	106996	107231	107147	-10.5353	5.66702	4.86832
0.23	106973	107224	107144	-10.3719	5.55864	4.81331
0.24	106951	107213	107139	-10.1446	5.41042	4.73418
0.25	106931	107198	107131	-9.85472	5.22033	4.63438
0.26	106912	107179	107121	-9.50407	4.98737	4.5167
0.27	106892	107154	107109	-9.09483	4.71277	4.38206
0.28	106871	107125	107095	-8.62951	4.39989	4.22963
0.29	106847	107091	107080	-8.111	4.05366	4.05734
0.3	106819	107054	107063	-7.54247	3.68107	3.8614
0.31	106784	107016	107043	-6.92745	3.29069	3.63676
0.32	106743	106978	107021	-6.26971	2.89051	3.3792
0.33	106696	106940	106995	-5.57332	2.48622	3.0871
0.34	106645	106901	106966	-4.84257	2.08021	2.76236
0.35	106590	106861	106934	-4.08196	1.67221	2.40975
0.36	106534	106821	106898	-3.29618	1.26062	2.03556
0.37	106477	106779	106861	-2.49008	0.844638	1.64545
0.38	106418	106737	106822	-1.66863	0.424955	1.24368
0.39	106358	106694	106781	-0.836897	0.00350528	0.833392
0.4	106297	106651	106740	6.25582e-28	-0.417	0.417
0.41	106662	106609	106698	6.27724e-28	-0.347683	0.347683
0.42	106662	106617	106692	6.27724e-28	-0.292821	0.292821
0.43	106662	106624	106686	6.27723e-28	-0.248564	0.248564
0.44	106662	106629	106682	6.27723e-28	-0.21226	0.21226
0.45	106662	106633	106678	6.27723e-28	-0.182066	0.182066
0.46	106662	106637	106675	6.27724e-28	-0.156575	0.156575
0.47	106662	106640	106673	6.27724e-28	-0.134833	0.134833
0.48	106662	106642	106671	6.27725e-28	-0.116173	0.116173
0.49	106662	106644	106669	6.27725e-28	-0.100103	0.100103
0.5	106662	106646	106667	6.27724e-28	-0.0862457	0.0862457
0.51	106662	106648	106666	6.27723e-28	-0.0743051	0.0743051
0.52	106662	106649	106665	6.27722e-28	-0.0640261	0.0640261
0.53	106661	106650	106664	6.2772e-28	-0.0551724	0.0551724
0.54	106661	106651	106663	6.27717e-28	-0.0475251	0.0475251
0.55	106661	106652	106662	6.27715e-28	-0.0408889	0.0408889
0.56	106660	106653	106662	6.27713e-28	-0.0350971	0.0350971
0.57	106660	106653	106661	6.2771e-28	-0.0300158	0.0300158
0.58	106659	106654	106661	6.27708e-28	-0.025542	0.025542
0.59	106659	106655	106660	6.27707e-28	-0.0215978	0.0215978
0.6	106659	106655	106660	6.27705e-28	-0.018123	0.018123
0.61	106659	106655	106659	6.27704e-28	-0.0150691	0.0150691
0.62	106658	106656	106659	6.27703e-28	-0.0123957	0.0123957
0.63	106658	106656	106659	6.27702e-28	-0.0100666	0.0100666
0.64	106658	106656	106659	6.27701e-28	-0.00804863	0.00804863
0.65	106658	106657	106658	6.277e-28	-0.00631085	0.00631085
0.66	106658	106657	106658	6.27699e-28	-0.00482422	0.00482422
0.67	106658	106657	106658	6.27699e-28	-0.00356149	0.00356149
0.68	106658	106657	106658	6.27699e-28	-0.00249725	0.00249725
0.69	106658	106657	106658	6.27698e-28	-0.00160793	0.00160793
0.7	106658	106657	106658	6.27698e-28	-0.000871717	0.000871717
0.71	106658	106657	106658	6.27698e-28	-0.000268647	0.000268647
0.72	106658	106657	106658	6.27697e-28	0.00021941	-0.00021941
0.73	106657	106658	106658	6.27697e-28	0.000608771	-0.000608771
0.74	106657	106658	106658	6.27697e-28	0.000914012	-0.000914012
0.75	106657	106658	106658	6.27697e-28	0.00114806	-0.00114806
0.76	106657	106658	106657	6.27697e-28	0.0013223	-0.0013223
0.77	106657	106658	106657	6.27697e-28	0.00144668	-0.00144668
0.78	106657	106658	106657	6.27697e-28	0.00152986	-0.00152986
0.79	106657	106658	106657	6.27697e-28	0.00157932	-0.00157932
0.8	106657	106658	106657	-3.72039e-14	0.00160144	-0.00160144
0.81	107082	106658	106657	-0.836897	0.488995	0.347902
0.82	107130	106707	106692	-1.66863	0.959133	0.709501
0.83	107168	106754	106728	-2.49008	1.41273	1.07735
0.84	107198	106799	106765	-3.29618	1.84966	1.44653
0.85	107220	106843	106802	-4.08196	2.26957	1.81239
0.86	107234	106885	106839	-4.84257	2.67282	2.16974
0.87	107242	106925	106874	-5.57332	3.06007	2.51325
0.88	107243	106964	106909	-6.26971	3.43068	2.83903
0.89	107239	107001	106941	-6.92745	3.78241	3.14504
0.9	107231	107036	106972	-7.54247	4.11262	3.42985
0.91	107219	107069	107000	-8.111	4.41931	3.69169
0.92	107205	107100	107026	-8.62951	4.7007	3.92882
0.93	107189	107128	107050	-9.09483	4.95454	4.14029
0.94	107173	107153	107071	-9.50407	5.17797	4.3261
0.95	107157	107175	107090	-9.85472	5.36787	4.48685
0.96	107139	107194	107106	-10.1446	5.52154	4.62306
0.97	107119	107210	107119	-10.3719	5.63735	4.73459
0.98	107097	107221	107131	-10.5353	5.71505	4.82029
0.99	107073	107229	107139	-10.6338	5.75526	4.87852
1	107048	107233	107145	-10.6667	5.75882	4.90784
1.01	107022	107234	107148	-10.6338	5.72631	4.90747
1.02	106997	107230	107148	-10.5353	5.65732	4.87803
1.03	106974	107223	107145	-10.3719	5.55041	4.82154
1.04	106952	107213	107139	-10.1446	5.40372	4.74088
1.05	106931	107198	107131	-9.85472	5.21543	4.63928
1.06	106912	107178	107121	-9.50407	4.98463	4.51944
1.07	106892	107154	107109	-9.09483	4.71249	4.38234
1.08	106870	107125	107095	-8.62951	4.40233	4.22719
1.09	106845	107092	107080	-8.111	4.05912	4.05188
1.1	106816	107056	107062	-7.54247	3.68971	3.85277
1.11	106782	107018	107043	-6.92745	3.30191	3.62553
1.12	106741	106979	107020	-6.26971	2.90312	3.36659
1.13	106695	106941	106994	-5.57332	2.49844	3.07488
1.14	106644	106902	106965	-4.84257	2.09064	2.75193
1.15	106590	106862	106933	-4.08196	1.68031	2.40165
1.16	106534	106821	106897	-3.29618	1.26655	2.02963
1.17	106477	106780	106860	-2.49008	0.84881	1.64127
1.18	106418	106737	106821	-1.66863	0.427848	1.24079
1.19	106358	106694	106781	-0.836897	0.00550931	0.831388
1.2	106297	106651	106740	6.25581e-28	-0.415605	0.415605
1.21	106662	106609	106698	6.27723e-28	-0.346697	0.346697
1.22	106662	106618	106692	6.27723e-28	-0.292119	0.292119
1.23	106662	106624	106686	6.27723e-28	-0.248094	0.248094
1.24	106662	106629	106682	6.27722e-28	-0.211921	0.211921
1.25	106662	106633	106678	6.27722e-28	-0.18181	0.18181
1.26	106662	106637	106675	6.27723e-28	-0.156385	0.156385
1.27	106662	106640	106673	6.27724e-28	-0.134689	0.134689
1.28	106662	106642	106671	6.27724e-28	-0.116065	0.116065
1.29	106662	106644	106669	6.27724e-28	-0.10002	0.10002
1.3	106662	106646	106667	6.27724e-28	-0.0861815	0.0861815
1.31	106662	106648	106666	6.27723e-28	-0.0742545	0.0742545
1.32	106662	106649	106665	6.27721e-28	-0.0639893	0.0639893
1.33	106661	106650	106664	6.27719e-28	-0.0551545	0.0551545
1.34	106661	106651	106663	6.27717e-28	-0.0475332	0.0475332
1.35	106660	106652	106662	6.27715e-28	-0.0409293	0.0409293
1.36	106660	106653	106662	6.27713e-28	-0.035174	0.035174
1.37	106660	106653	106661	6.2771e-28	-0.0301303	0.0301303
1.38	106659	106654	106661	6.27708e-28	-0.0256923	0.0256923
1.39	106659	106655	106660	6.27706e-28	-0.0217798	0.0217798
1.4	106659	106655	106660	6.27705e-28	-0.0183312	0.0183312
1.41	106659	106655	106659	6.27704e-28	-0.0152978	0.0152978
1.42	106658	106656	106659	6.27702e-28	-0.0126391	0.0126391
1.43	106658	106656	106659	6.27701e-28	-0.0103192	0.0103192
1.44	106658	106656	106659	6.27701e-28	-0.00830562	0.00830562
1.45	106658	106657	106658	6.277e-28	-0.00656816	0.00656816
1.46	106658	106657	106658	6.27699e-28	-0.00507842	0.00507842
1.47	106658	106657	106658	6.27699e-28	-0.00380978	0.00380978
1.48	106658	106657	106658	6.27698e-28	-0.00273744	0.00273744
1.49	106658	106657	106658	6.27698e-28	-0.00183834	0.00183834
1.5	106658	106657	106658	6.27698e-28	-0.00109113	0.00109113
1.51	106658	106657	106658	6.27698e-28	-0.000476229	0.000476229
1.52	106657	106657	106658	6.27697e-28	2.41697e-05	-2.41697e-05
1.53	106657	106658	106658	6.27697e-28	0.000426106	-0.000426106
1.54	106657	106658	106658	6.27697e-28	0.000743931	-0.000743931
1.55	106657	106658	106658	6.27697e-28	0.000990391	-0.000990391
1.56	106657	106658	106657	6.27697e-28	0.00117673	-0.00117673
1.57	106657	106658	106657	6.27697e-28	0.00131279	-0.00131279
1.58	106657	106658	106657	6.27697e-28	0.00140714	-0.00140714
1.59	106657	106658	106657	6.27697e-28	0.00146721	-0.00146721
1.6	106657	106658	106657	-9.30098e-14	0.00149936	-0.00149936
1.61	107082	106658	106657	-0.836897	0.488881	0.348016
1.62	107130	106707	106692	-1.66863	0.958967	0.709667
1.63	107168	106754	106728	-2.49008	1.41248	1.0776
1.64	107198	106799	106765	-3.29618	1.84932	1.44686
1.65	107220	106843	106802	-4.08196	2.26919	1.81277
1.66	107234	106885	106839	-4.84257	2.6725	2.17006
1.67	107242	106925	106874	-5.57332	3.05992	2.5134
1.68	107243	106964	106909	-6.26971	3.43079	2.83892
1.69	107239	107001	106941	-6.92745	3.78276	3.14469
1.7	107231	107036	106972	-7.54247	4.11315	3.42933
1.71	107219	107069	107000	-8.111	4.41992	3.69108
1.72	107205	107100	107026	-8.62951	4.70131	3.92821
1.73	107189	107128	107050	-9.09483	4.9551	4.13973
1.74	107173	107153	107071	-9.50407	5.17845	4.32562
1.75	107157	107175	107090	-9.85472	5.36828	4.48644
1.76	107139	107194	107106	-10.1446	5.52188	4.62272
1.77	107119	107210	107119	-10.3719	5.63763	4.73431
1.78	107097	107221	107131	-10.5353	5.71528	4.82006
1.79	107073	107229	107139	-10.6338	5.75545	4.87834
1.8	107048	107233	107145	-10.6667	5.75897	4.90769
1.81	107022	107234	107148	-10.6338	5.72643	4.90736
1.82	106997	107230	107148	-10.5353	5.65739	4.87795
1.83	106974	107223	107145	-10.3719	5.55045	4.8215
1.84	106952	107213	107139	-10.1446	5.40371	4.74089
1.85	106931	107198	107131	-9.85472	5.21537	4.63935
1.86	106912	107178	107121	-9.50407	4.98452	4.51955
1.87	106892	107154	107109	-9.09483	4.71233	4.3825
1.88	106870	107125	107095	-8.62951	4.40212	4.2274
1.89	106845	107092	107080	-8.111	4.05888	4.05212
1.9	106816	107056	107062	-7.54247	3.68944	3.85303
1.91	106782	107018	107043	-6.92745	3.30165	3.6258
1.92	106741	106979	107020	-6.26971	2.90288	3.36683
1.93	106695	106941	106994	-5.57332	2.49825	3.07507
1.94	106644	106902	106965	-4.84257	2.09051	2.75205
1.95	106590	106862	106933	-4.08196	1.68024	2.40172
1.96	106534	106821	106897	-3.29618	1.26652	2.02967
1.97	106477	106780	106860	-2.49008	0.848802	1.64128
1.98	106418	106737	106821	-1.66863	0.427851	1.24078
1.99	106358	106694	106781	-0.836897	0.00551691	0.83138
2	106297	106651	106740	6.25581e-28	-0.415597	0.415597
2.01	106662	106609	106698	6.27723e-28	-0.346688	0.346688
2.02	106662	106618	106692	6.27723e-28	-0.292111	0.292111
2.03	106662	106624	106686	6.27723e-28	-0.248087	0.248087
2.04	106662	106629	106682	6.27722e-28	-0.211916	0.211916
2.05	106662	106633	106678	6.27722e-28	-0.181805	0.181805
2.06	106662	106637	106675	6.27723e-28	-0.156381	0.156381
2.07	106662	106640	106673	6.27724e-28	-0.134686	0.134686
2.08	106662	106642	106671	6.27724e-28	-0.116062	0.116062
2.09	106662	106644	106669	6.27724e-28	-0.100018	0.100018
2.1	106662	106646	106667	6.27724e-28	-0.0861796	0.0861796
2.11	106662	106648	106666	6.27723e-28	-0.0742529	0.0742529
2.12	106662	106649	106665	6.27721e-28	-0.0639879	0.0639879
2.13	106661	106650	106664	6.27719e-28	-0.0551534	0.0551534
2.14	106661	106651	106663	6.27717e-28	-0.0475322	0.0475322
2.15	106660	106652	106662	6.27715e-28	-0.0409284	0.0409284
2.16	106660	106653	106662	6.27713e-28	-0.0351734	0.0351734
2.17	106660	106653	106661	6.2771e-28	-0.0301298	0.0301298
2.18	106659	106654	106661	6.27708e-28	-0.0256919	0.0256919
2.19	106659	106655	106660	6.27706e-28	-0.0217796	0.0217796
2.2	106659	106655	106660	6.27705e-28	-0.0183312	0.0183312
2.21	106659	106655	106659	6.27704e-28	-0.0152979	0.0152979
2.22	106658	106656	106659	6.27702e-28	-0.0126393	0.0126393
2.23	106658	106656	106659	6.27701e-28	-0.0103195	0.0103195
2.24	106658	106656	106659	6.27701e-28	-0.00830609	0.00830609
2.25	106658	106657	106658	6.277e-28	-0.00656874	0.00656874
2.26	106658	106657	106658	6.27699e-28	-0.0050791	0.0050791
2.27	106658	106657	106658	6.27699e-28	-0.00381054	0.00381054
2.28	106658	106657	106658	6.27698e-28	-0.00273827	0.00273827
2.29	106658	106657	106658	6.27698e-28	-0.00183923	0.00183923
2.3	106658	106657	106658	6.27698e-28	-0.00109207	0.00109207
2.31	106658	106657	106658	6.27698e-28	-0.000477205	0.000477205
2.32	106657	106657	106658	6.27697e-28	2.31643e-05	-2.31643e-05
2.33	106657	106658	106658	6.27697e-28	0.000425079	-0.000425079
2.34	106657	106658	106658	6.27697e-28	0.00074289	-0.00074289
2.35	106657	106658	106658	6.27697e-28	0.000989343	-0.000989343
2.36	106657	106658	106657	6.27697e-28	0.00117568	-0.00117568
2.37	106657	106658	106657	6.27697e-28	0.00131174	-0.00131174
2.38	106657	106658	106657	6.27697e-28	0.00140611	-0.00140611
2.39	106657	106658	106657	6.27697e-28	0.00146619	-0.00146619
2.4	106657	106658	106657	6.27697e-28	0.00149835	-0.00149835
2.41	107082	106658	106657	-0.836897	0.48888	0.348017
2.42	107130	106707	106692	-1.66863	0.958965	0.709669
2.43	107168	106754	106728	-2.49008	1.41248	1.0776
2.44	107198	106799	106765	-3.29618	1.84931	1.44687
2.45	107220	106843	106802	-4.08196	2.26918	1.81277
2.46	107234	106885	106839	-4.84257	2.67249	2.17007
2.47	107242	106925	106874	-5.57332	3.05992	2.5134
2.48	107243	106964	106909	-6.26971	3.43079	2.83892
2.49	107239	107001	106941	-6.92745	3.78276	3.14469
2.5	107231	107036	106972	-7.54247	4.11315	3.42932
2.51	107219	107069	107000	-8.111	4.41992	3.69108
2.52	107205	107100	107026	-8.62951	4.70131	3.92821
2.53	107189	107128	107050	-9.09483	4.9551	4.13973
2.54	107173	107153	107071	-9.50407	5.17846	4.32561
2.55	107157	107175	107090	-9.85472	5.36828	4.48643
2.56	107139	107194	107106	-10.1446	5.52188	4.62272
2.57	107119	107210	107119	-10.3719	5.63763	4.73431
2.58	107097	107221	107131	-10.5353	5.71528	4.82006
2.59	107073	107229	107139	-10.6338	5.75545	4.87834
2.6	107048	107233	107145	-10.6667	5.75897	4.90769
2.61	107022	107234	107148	-10.6338	5.72643	4.90736
2.62	106997	107230	107148	-10.5353	5.65739	4.87795
2.63	106974	107223	107145	-10.3719	5.55045	4.8215
2.64	106952	107213	107139	-10.1446	5.40371	4.74089
2.65	106931	107198	107131	-9.85472	5.21537	4.63934
2.66	106912	107178	107121	-9.50407	4.98452	4.51955
2.67	106892	107154	107109	-9.09483	4.71233	4.3825
2.68	106870	107125	107095	-8.62951	4.40212	4.2274
2.69	106845	107092	107080	-8.111	4.05887	4.05212
2.7	106816	107056	107062	-7.54247	3.68944	3.85303
2.71	106782	107018	107043	-6.92745	3.30165	3.6258
2.72	106741	106979	107020	-6.26971	2.90288	3.36683
2.73	106695	106941	106994	-5.57332	2.49825	3.07507
2.74	106644	106902	106965	-4.84257	2.09051	2.75205
2.75	106590	106862	106933	-4.08196	1.68024	2.40172
2.76	106534	106821	106897	-3.29618	1.26652	2.02967
2.77	106477	106780	106860	-2.49008	0.848802	1.64128
2.78	106418	106737	106821	-1.66863	0.427851	1.24078
2.79	106358	106694	106781	-0.836897	0.00551683	0.83138
2.8	106297	106651	106740	-1.3466e-12	-0.415597	0.415597
2.81	106662	106609	106698	6.27723e-28	-0.346688	0.346688
2.82	106662	106618	106692	6.27723e-28	-0.292112	0.292112
2.83	106662	106624	106686	6.27723e-28	-0.248088	0.248088
2.84	106662	106629	106682	6.27722e-28	-0.211916	0.211916
2.85	106662	106633	106678	6.27722e-28	-0.181805	0.181805
2.86	106662	106637	106675	6.27723e-28	-0.156381	0.156381
2.87	106662	106640	106673	6.27724e-28	-0.134686	0.134686
2.88	106662	106642	106671	6.27724e-28	-0.116062	0.116062
2.89	106662	106644	106669	6.27724e-28	-0.100018	0.100018
2.9	106662	106646	106667	6.27724e-28	-0.0861796	0.0861796
2.91	106662	106648	106666	6.27723e-28	-0.0742529	0.0742529
2.92	106662	106649	106665	6.27721e-28	-0.0639879	0.0639879
2.93	106661	106650	106664	6.27719e-28	-0.0551534	0.0551534
2.94	106661	106651	106663	6.27717e-28	-0.0475322	0.0475322
2.95	106660	106652	106662	6.27715e-28	-0.0409284	0.0409284
2.96	106660	106653	106662	6.27713e-28	-0.0351733	0.0351733
2.97	106660	106653	106661	6.2771e-28	-0.0301298	0.0301298
2.98	106659	106654	106661	6.27708e-28	-0.0256919	0.0256919
2.99	106659	106655	106660	6.27706e-28	-0.0217796	0.0217796
3	106659	106655	106660	6.27705e-28	-0.0183311	0.0183311
3.01	106659	106655	106659	6.27704e-28	-0.0152979	0.0152979
3.02	106658	106656	106659	6.27702e-28	-0.0126393	0.0126393
3.03	106658	106656	106659	6.27701e-28	-0.0103195	0.0103195
3.04	106658	106656	106659	6.27701e-28	-0.00830608	0.00830608
3.05	106658	106657	106658	6.277e-28	-0.00656873	0.00656873
3.06	106658	106657	106658	6.27699e-28	-0.00507909	0.00507909
3.07	106658	106657	106658	6.27699e-28	-0.00381053	0.00381053
3.08	106658	106657	106658	6.27698e-28	-0.00273826	0.00273826
3.09	106658	106657	106658	6.27698e-28	-0.00183922	0.00183922
3.1	106658	106657	106658	6.27698e-28	-0.00109206	0.00109206
3.11	106658	106657	106658	6.27698e-28	-0.000477199	0.000477199
3.12	106657	106657	106658	6.27697e-28	2.31699e-05	-2.31699e-05
3.13	106657	106658	106658	6.27697e-28	0.000425084	-0.000425084
3.14	106657	106658	106658	6.27697e-28	0.000742895	-0.000742895
3.15	106657	106658	106658	6.27697e-28	0.000989347	-0.000989347
3.16	106657	106658	106657	6.27697e-28	0.00117568	-0.00117568
3.17	106657	106658	106657	6.27697e-28	0.00131175	-0.00131175
3.18	106657	106658	106657	6.27697e-28	0.00140611	-0.00140611
3.19	106657	106658	106657	6.27697e-28	0.00146619	-0.00146619
3.2	106657	106658	106657	6.27697e-28	0.00149836	-0.00149836
3.21	107082	106658	106657	-0.836897	0.48888	0.348017
3.22	107130	106707	106692	-1.66863	0.958965	0.709669
3.23	107168	106754	106728	-2.49008	1.41248	1.0776
3.24	107198	106799	106765	-3.29618	1.84931	1.44687
3.25	107220	106843	106802	-4.08196	2.26918	1.81277
3.26	107234	106885	106839	-4.84257	2.67249	2.17007
3.27	107242	106925	106874	-5.57332	3.05992	2.5134
3.28	107243	106964	106909	-6.26971	3.43079	2.83892
3.29	107239	107001	106941	-6.92745	3.78276	3.14469
3.3	107231	107036	106972	-7.54247	4.11315	3.42932
3.31	107219	107069	107000	-8.111	4.41992	3.69108
3.32	107205	107100	107026	-8.62951	4.70131	3.92821
3.33	107189	107128	107050	-9.09483	4.9551	4.13973
3.34	107173	107153	107071	-9.50407	5.17846	4.32561
3.35	107157	107175	107090	-9.85472	5.36828	4.48643
3.36	107139	107194	107106	-10.1446	5.52188	4.62272
3.37	107119	107210	107119	-10.3719	5.63763	4.73431
3.38	107097	107221	107131	-10.5353	5.71528	4.82006
3.39	107073	107229	107139	-10.6338	5.75545	4.87834
3.4	107048	107233	107145	-10.6667	5.75897	4.90769
3.41	107022	107234	107148	-10.6338	5.72643	4.90736
3.42	106997	107230	107148	-10.5353	5.65739	4.87795
3.43	106974	107223	107145	-10.3719	5.55045	4.8215
3.44	106952	107213	107139	-10.1446	5.40371	4.74089
3.45	106931	107198	107131	-9.85472	5.21537	4.63934
3.46	106912	107178	107121	-9.50407	4.98452	4.51955
3.47	106892	107154	107109	-9.09483	4.71233	4.3825
3.48	106870	107125	107095	-8.62951	4.40212	4.2274
3.49	106845	107092	107080	-8.111	4.05887	4.05212
3.5	106816	107056	107062	-7.54247	3.68944	3.85303
3.51	106782	107018	107043	-6.92745	3.30165	3.6258
3.52	106741	106979	107020	-6.26971	2.90288	3.36683
3.53	106695	106941	106994	-5.57332	2.49825	3.07507
3.54	106644	106902	106965	-4.84257	2.09051	2.75205
3.55	106590	106862	106933	-4.08196	1.68024	2.40172
3.56	106534	106821	106897	-3.29618	1.26652	2.02967
3.57	106477	106780	106860	-2.49008	0.848802	1.64128
3.58	106418	106737	106821	-1.66863	0.427851	1.24078
3.59	106358	106694	106781	-0.836897	0.00551683	0.83138
3.6	106297	106651	106740	-2.76295e-12	-0.415597	0.415597
3.61	106662	106609	106698	6.27723e-28	-0.346688	0.346688
3.62	106662	106618	106692	6.27723e-28	-0.292112	0.292112
3.63	106662	106624	106686	6.27723e-28	-0.248088	0.248088
3.64	106662	106629	106682	6.27722e-28	-0.211916	0.211916
3.65	106662	106633	106678	6.27722e-28	-0.181805	0.181805
3.66	106662	106637	106675	6.27723e-28	-0.156381	0.156381
3.67	106662	106640	106673	6.27724e-28	-0.134686	0.134686
3.68	106662	106642	106671	6.27724e-28	-0.116062	0.116062
3.69	106662	106644	106669	6.27724e-28	-0.100018	0.100018
3.7	106662	106646	106667	6.27724e-28	-0.0861796	0.0861796
3.71	106662	106648	106666	6.27723e-28	-0.0742529	0.0742529
3.72	106662	106649	106665	6.27721e-28	-0.0639879	0.0639879
3.73	106661	106650	106664	6.27719e-28	-0.0551534	0.0551534
3.74	106661	106651	106663	6.27717e-28	-0.0475322	0.0475322
3.75	106660	106652	106662	6.27715e-28	-0.0409284	0.0409284
3.76	106660	106653	106662	6.27713e-28	-0.0351733	0.0351733
3.77	106660	106653	106661	6.2771e-28	-0.0301298	0.0301298
3.78	106659	106654	106661	6.27708e-28	-0.0256919	0.0256919
3.79	106659	106655	106660	6.27706e-28	-0.0217796	0.0217796
3.8	106659	106655	106660	6.27705e-28	-0.0183311	0.0183311
3.81	106659	106655	106659	6.27704e-28	-0.0152979	0.0152979
3.82	106658	106656	106659	6.27702e-28	-0.0126393	0.0126393
3.83	106658	106656	106659	6.27701e-28	-0.0103195	0.0103195
3.84	106658	106656	106659	6.27701e-28	-0.00830608	0.00830608
3.85	106658	106657	106658	6.277e-28	-0.00656873	0.00656873
3.86	106658	106657	106658	6.27699e-28	-0.00507909	0.00507909
3.87	106658	106657	106658	6.27699e-28	-0.00381053	0.00381053
3.88	106658	106657	106658	6.27698e-28	-0.00273826	0.00273826
3.89	106658	106657	106658	6.27698e-28	-0.00183922	0.00183922
3.9	106658	106657	106658	6.27698e-28	-0.00109206	0.00109206
3.91	106658	106657	106658	6.27698e-28	-0.000477199	0.000477199
3.92	106657	106657	106658	6.27697e-28	2.317e-05	-2.317e-05
3.93	106657	106658	106658	6.27697e-28	0.000425084	-0.000425084
3.94	106657	106658	106658	6.27697e-28	0.000742895	-0.000742895
3.95	106657	106658	106658	6.27697e-28	0.000989347	-0.000989347
3.96	106657	106658	106657	6.27697e-28	0.00117568	-0.00117568
3.97	106657	106658	106657	6.27697e-28	0.00131175	-0.00131175
3.98	106657	106658	106657	6.27697e-28	0.00140611	-0.00140611
3.99	106657	106658	106657	6.27697e-28	0.00146619	-0.00146619
4	106657	106658	106657	6.27697e-28	0.00149836	-0.00149836
4.01	107082	106658	106657	-0.836897	0.48888	0.348017
4.02	107130	106707	106692	-1.66863	0.958965	0.709669
4.03	107168	106754	106728	-2.49008	1.41248	1.0776
4.04	107198	106799	106765	-3.29618	1.84931	1.44687
4.05	107220	106843	106802	-4.08196	2.26918	1.81277
4.06	107234	106885	106839	-4.84257	2.67249	2.17007
4.07	107242	106925	106874	-5.57332	3.05992	2.5134
4.08	107243	106964	106909	-6.26971	3.43079	2.83892
4.09	107239	107001	106941	-6.92745	3.78276	3.14469
4.1	107231	107036	106972	-7.54247	4.11315	3.42932
4.11	107219	107069	107000	-8.111	4.41992	3.69108
4.12	107205	107100	107026	-8.62951	4.70131	3.92821
4.13	107189	107128	107050	-9.09483	4.9551	4.13973
4.14	107173	107153	107071	-9.50407	5.17846	4.32561
4.15	107157	107175	107090	-9.85472	5.36828	4.48643
4.16	107139	107194	107106	-10.1446	5.52188	4.62272
4.17	107119	107210	107119	-10.3719	5.63763	4.73431
4.18	107097	107221	107131	-10.5353	5.71528	4.82006
4.19	107073	107229	107139	-10.6338	5.75545	4.87834
4.2	107048	107233	107145	-10.6667	5.75897	4.90769
4.21	107022	107234	107148	-10.6338	5.72643	4.90736
4.22	106997	107230	107148	-10.5353	5.65739	4.87795
4.23	106974	107223	107145	-10.3719	5.55045	4.8215
4.24	106952	107213	107139	-10.1446	5.40371	4.74089
4.25	106931	107198	107131	-9.85472	5.21537	4.63934
4.26	106912	107178	107121	-9.50407	4.98452	4.51955
4.27	106892	107154	107109	-9.09483	4.71233	4.3825
4.28	106870	107125	107095	-8.62951	4.40212	4.2274
4.29	106845	107092	107080	-8.111	4.05887	4.05212
4.3	106816	107056	107062	-7.54247	3.68944	3.85303
4.31	106782	107018	107043	-6.92745	3.30165	3.6258
4.32	106741	106979	107020	-6.26971	2.90288	3.36683
4.33	106695	106941	106994	-5.57332	2.49825	3.07507
4.34	106644	106902	106965	-4.84257	2.09051	2.75205
4.35	106590	106862	106933	-4.08196	1.68024	2.40172
4.36	106534	106821	106897	-3.29618	1.26652	2.02967
4.37	106477	106780	106860	-2.49008	0.848802	1.64128
4.38	106418	106737	106821	-1.66863	0.427851	1.24078
4.39	106358	106694	106781	-0.836897	0.00551683	0.83138
4.4	106297	106651	106740	-4.1414e-12	-0.415597	0.415597
4.41	106662	106609	106698	6.27723e-28	-0.346688	0.346688
4.42	106662	106618	106692	6.27723e-28	-0.292112	0.292112
4.43	106662	106624	106686	6.27723e-28	-0.248088	0.248088
4.44	106662	106629	106682	6.27722e-28	-0.211916	0.211916
4.45	106662	106633	106678	6.27722e-28	-0.181805	0.181805
4.46	106662	106637	106675	6.27723e-28	-0.156381	0.156381
4.47	106662	106640	106673	6.27724e-28	-0.134686	0.134686
4.48	106662	106642	106671	6.27724e-28	-0.116062	0.116062
4.49	106662	106644	106669	6.27724e-28	-0.100018	0.100018
4.5	106662	106646	106667	6.27724e-28	-0.0861796	0.0861796
4.51	106662	106648	106666	6.27723e-28	-0.0742529	0.0742529
4.52	106662	106649	106665	6.27721e-28	-0.0639879	0.0639879
4.53	106661	106650	106664	6.27719e-28	-0.0551534	0.0551534
4.54	106661	106651	106663	6.27717e-28	-0.0475322	0.0475322
4.55	106660	106652	106662	6.27715e-28	-0.0409284	0.0409284
4.56	106660	106653	106662	6.27713e-28	-0.0351733	0.0351733
4.57	106660	106653	106661	6.2771e-28	-0.0301298	0.0301298
4.58	106659	106654	106661	6.27708e-28	-0.0256919	0.0256919
4.59	106659	106655	106660	6.27706e-28	-0.0217796	0.0217796
4.6	106659	106655	106660	6.27705e-28	-0.0183311	0.0183311
4.61	106659	106655	106659	6.27704e-28	-0.0152979	0.0152979
4.62	106658	106656	106659	6.27702e-28	-0.0126393	0.0126393
4.63	106658	106656	106659	6.27701e-28	-0.0103195	0.0103195
4.64	106658	106656	106659	6.27701e-28	-0.00830608	0.00830608
4.65	106658	106657	106658	6.277e-28	-0.00656873	0.00656873
4.66	106658	106657	106658	6.27699e-28	-0.00507909	0.00507909
4.67	106658	106657	106658	6.27699e-28	-0.00381053	0.00381053
4.68	106658	106657	106658	6.27698e-28	-0.00273826	0.00273826
4.69	106658	106657	106658	6.27698e-28	-0.00183922	0.00183922
4.7	106658	106657	106658	6.27698e-28	-0.00109206	0.00109206
4.71	106658	106657	106658	6.27698e-28	-0.000477199	0.000477199
4.72	106657	106657	106658	6.27697e-28	2.317e-05	-2.317e-05
4.73	106657	106658	106658	6.27697e-28	0.000425084	-0.000425084
4.74	106657	106658	106658	6.27697e-28	0.000742895	-0.000742895
4.75	106657	106658	106658	6.27697e-28	0.000989347	-0.000989347
4.76	106657	106658	106657	6.27697e-28	0.00117568	-0.00117568
4.77	106657	106658	106657	6.27697e-28	0.00131175	-0.00131175
4.78	106657	106658	106657	6.27697e-28	0.00140611	-0.00140611
4.79	106657	106658	106657	6.27697e-28	0.00146619	-0.00146619
4.8	106657	106658	106657	6.27697e-28	0.00149836	-0.00149836
4.81	107082	106658	106657	-0.836897	0.48888	0.348017
4.82	107130	106707	106692	-1.66863	0.958965	0.709669
4.83	107168	106754	106728	-2.49008	1.41248	1.0776
4.84	107198	106799	106765	-3.29618	1.84931	1.44687
4.85	107220	106843	106802	-4.08196	2.26918	1.81277
4.86	107234	106885	106839	-4.84257	2.67249	2.17007
4.87	107242	106925	106874	-5.57332	3.05992	2.5134
4.88	107243	106964	106909	-6.26971	3.43079	2.83892
4.89	107239	107001	106941	-6.92745	3.78276	3.14469
4.9	107231	107036	106972	-7.54247	4.11315	3.42932
4.91	107219	107069	107000	-8.111	4.41992	3.69108
4.92	107205	107100	107026	-8.62951	4.70131	3.92821
4.93	107189	107128	107050	-9.09483	4.9551	4.13973
4.94	107173	107153	107071	-9.50407	5.17846	4.32561
4.95	107157	107175	107090	-9.85472	5.36828	4.48643
4.96	107139	107194	107106	-10.1446	5.52188	4.62272
4.97	107119	107210	107119	-10.3719	5.63763	4.73431
4.98	107097	107221	107131	-10.5353	5.71528	4.82006
4.99	107073	107229	107139	-10.6338	5.75545	4.87834
5	107048	107233	107145	-10.6667	5.75897	4.90769
5.01	107022	107234	107148	-10.6338	5.72643	4.90736
5.02	106997	107230	107148	-10.5353	5.65739	4.87795
5.03	106974	107223	107145	-10.3719	5.55045	4.8215
5.04	106952	107213	107139	-10.1446	5.40371	4.74089
5.05	106931	107198	107131	-9.85472	5.21537	4.63934
5.06	106912	107178	107121	-9.50407	4.98452	4.51955
5.07	106892	107154	107109	-9.09483	4.71233	4.3825
5.08	106870	107125	107095	-8.62951	4.40212	4.2274
5.09	106845	107092	107080	-8.111	4.05887	4.05212
5.1	106816	107056	107062	-7.54247	3.68944	3.85303
5.11	106782	107018	107043	-6.92745	3.30165	3.6258
5.12	106741	106979	107020	-6.26971	2.90288	3.36683
5.13	106695	106941	106994	-5.57332	2.49825	3.07507
5.14	106644	106902	106965	-4.84257	2.09051	2.75205
5.15	106590	106862	106933	-4.08196	1.68024	2.40172
5.16	106534	106821	106897	-3.29618	1.26652	2.02967
5.17	106477	106780	106860	-2.49008	0.848802	1.64128
5.18	106418	106737	106821	-1.66863	0.427851	1.24078
5.19	106358	106694	106781	-0.836897	0.00551683	0.83138
5.2	106297	106651	106740	-5.6288e-12	-0.415597	0.415597
5.21	106662	106609	106698	6.27723e-28	-0.346688	0.346688
5.22	106662	106618	106692	6.27723e-28	-0.292112	0.292112
5.23	106662	106624	106686	6.27723e-28	-0.248088	0.248088
5.24	106662	106629	106682	6.27722e-28	-0.211916	0.211916
5.25	106662	106633	106678	6.27722e-28	-0.181805	0.181805
5.26	106662	106637	106675	6.27723e-28	-0.156381	0.156381
5.27	106662	106640	106673	6.27724e-28	-0.134686	0.134686
5.28	106662	106642	106671	6.27724e-28	-0.116062	0.116062
5.29	106662	106644	106669	6.27724e-28	-0.100018	0.100018
5.3	106662	106646	106667	6.27724e-28	-0.0861796	0.0861796
5.31	106662	106648	106666	6.27723e-28	-0.0742529	0.0742529
5.32	106662	106649	106665	6.27721e-28	-0.0639879	0.0639879
5.33	106661	106650	106664	6.27719e-28	-0.0551534	0.0551534
5.34	106661	106651	106663	6.27717e-28	-0.0475322	0.0475322
5.35	106660	106652	106662	6.27715e-28	-0.0409284	0.0409284
5.36	106660	106653	106662	6.27713e-28	-0.0351733	0.0351733
5.37	106660	106653	106661	6.2771e-28	-0.0301298	0.0301298
5.38	106659	106654	106661	6.27708e-28	-0.0256919	0.0256919
5.39	106659	106655	106660	6.27706e-28	-0.0217796	0.0217796
5.4	106659	106655	106660	6.27705e-28	-0.0183311	0.0183311
5.41	106659	106655	106659	6.27704e-28	-0.0152979	0.0152979
5.42	106658	106656	106659	6.27702e-28	-0.0126393	0.0126393
5.43	106658	106656	106659	6.27701e-28	-0.0103195	0.0103195
5.44	106658	106656	106659	6.27701e-28	-0.00830608	0.00830608
5.45	106658	106657	106658	6.277e-28	-0.00656873	0.00656873
5.46	106658	106657	106658	6.27699e-28	-0.00507909	0.00507909
5.47	106658	106657	106658	6.27699e-28	-0.00381053	0.00381053
5.48	106658	106657	106658	6.27698e-28	-0.00273826	0.00273826
5.49	106658	106657	106658	6.27698e-28	-0.00183922	0.00183922
5.5	106658	106657	106658	6.27698e-28	-0.00109206	0.00109206
5.51	106658	106657	106658	6.27698e-28	-0.000477199	0.000477199
5.52	106657	106657	106658	6.27697e-28	2.317e-05	-2.317e-05
5.53	106657	106658	106658	6.27697e-28	0.000425084	-0.000425084
5.54	106657	106658	106658	6.27697e-28	0.000742895	-0.000742895
5.55	106657	106658	106658	6.27697e-28	0.000989347	-0.000989347
5.56	106657	106658	106657	6.27697e-28	0.00117568	-0.00117568
5.57	106657	106658	106657	6.27697e-28	0.00131175	-0.00131175
5.58	106657	106658	106657	6.27697e-28	0.00140611	-0.00140611
5.59	106657	106658	106657	6.27697e-28	0.00146619	-0.00146619
5.6	106657	106658	106657	6.27697e-28	0.00149836	-0.00149836
5.61	107082	106658	106657	-0.836897	0.48888	0.348017
5.62	107130	106707	106692	-1.66863	0.958965	0.709669
5.63	107168	106754	106728	-2.49008	1.41248	1.0776
5.64	107198	106799	106765	-3.29618	1.84931	1.44687
5.65	107220	106843	106802	-4.08196	2.26918	1.81277
5.66	107234	106885	106839	-4.84257	2.67249	2.17007
5.67	107242	106925	106874	-5.57332	3.05992	2.5134
5.68	107243	106964	106909	-6.26971	3.43079	2.83892
5.69	107239	107001	106941	-6.92745	3.78276	3.14469
5.7	107231	107036	106972	-7.54247	4.11315	3.42932
5.71	107219	107069	107000	-8.111	4.41992	3.69108
5.72	107205	107100	107026	-8.62951	4.70131	3.92821
5.73	107189	107128	107050	-9.09483	4.9551	4.13973
5.74	107173	107153	107071	-9.50407	5.17846	4.32561
5.75	107157	107175	107090	-9.85472	5.36828	4.48643
5.76	107139	107194	107106	-10.1446	5.52188	4.62272
5.77	107119	107210	107119	-10.3719	5.63763	4.73431
5.78	107097	107221	107131	-10.5353	5.71528	4.82006
5.79	107073	107229	107139	-10.6338	5.75545	4.87834
5.8	107048	107233	107145	-10.6667	5.75897	4.90769
5.81	107022	107234	107148	-10.6338	5.72643	4.90736
5.82	106997	107230	107148	-10.5353	5.65739	4.87795
5.83	106974	107223	107145	-10.3719	5.55045	4.8215
5.84	106952	107213	107139	-10.1446	5.40371	4.74089
5.85	106931	107198	107131	-9.85472	5.21537	4.63934
5.86	106912	107178	107121	-9.50407	4.98452	4.51955
5.87	106892	107154	107109	-9.09483	4.71233	4.3825
5.88	106870	107125	107095	-8.62951	4.40212	4.2274
5.89	106845	107092	107080	-8.111	4.05887	4.05212
5.9	106816	107056	107062	-7.54247	3.68944	3.85303
5.91	106782	107018	107043	-6.92745	3.30165	3.6258
5.92	106741	106979	107020	-6.26971	2.90288	3.36683
5.93	106695	106941	106994	-5.57332	2.49825	3.07507
5.94	106644	106902	106965	-4.84257	2.09051	2.75205
5.95	106590	106862	106933	-4.08196	1.68024	2.40172
5.96	106534	106821	106897	-3.29618	1.26652	2.02967
5.97	106477	106780	106860	-2.49008	0.848802	1.64128
5.98	106418	106737	106821	-1.66863	0.427851	1.24078
5.99	106358	106694	106781	-0.836897	0.00551683	0.83138
6	106297	106651	106740	-7.04515e-12	-0.415597	0.415597
6.01	106662	106609	106698	6.27723e-28	-0.346688	0.346688
6.02	106662	106618	106692	6.27723e-28	-0.292112	0.292112
6.03	106662	106624	106686	6.27723e-28	-0.248088	0.248088
6.04	106662	106629	106682	6.27722e-28	-0.211916	0.211916
6.05	106662	106633	106678	6.27722e-28	-0.181805	0.181805
6.06	106662	106637	106675	6.27723e-28	-0.156381	0.156381
6.07	106662	106640	106673	6.27724e-28	-0.134686	0.134686
6.08	106662	106642	106671	6.27724e-28	-0.116062	0.116062
6.09	106662	106644	106669	6.27724e-28	-0.100018	0.100018
6.1	106662	106646	106667	6.27724e-28	-0.0861796	0.0861796
6.11	106662	106648	106666	6.27723e-28	-0.0742529	0.0742529
6.12	106662	106649	106665	6.27721e-28	-0.0639879	0.0639879
6.13	106661	106650	106664	6.27719e-28	-0.0551534	0.0551534
6.14	106661	106651	106663	6.27717e-28	-0.0475322	0.0475322
6.15	106660	106652	106662	6.27715e-28	-0.0409284	0.0409284
6.16	106660	106653	106662	6.27713e-28	-0.0351733	0.0351733
6.17	106660	106653	106661	6.2771e-28	-0.0301298	0.0301298
6.18	106659	106654	106661	6.27708e-28	-0.0256919	0.0256919
6.19	106659	106655	106660	6.27706e-28	-0.0217796	0.0217796
6.2	106659	106655	106660	6.27705e-28	-0.0183311	0.0183311
6.21	106659	106655	106659	6.27704e-28	-0.0152979	0.0152979
6.22	106658	106656	106659	6.27702e-28	-0.0126393	0.0126393
6.23	106658	106656	106659	6.27701e-28	-0.0103195	0.0103195
6.24	106658	106656	106659	6.27701e-28	-0.00830608	0.00830608
6.25	106658	106657	106658	6.277e-28	-0.00656873	0.00656873
6.26	106658	106657	106658	6.27699e-28	-0.00507909	0.00507909
6.27	106658	106657	106658	6.27699e-28	-0.00381053	0.00381053
6.28	106658	106657	106658	6.27698e-28	-0.00273826	0.00273826
6.29	106658	106657	106658	6.27698e-28	-0.00183922	0.00183922
6.3	106658	106657	106658	6.27698e-28	-0.00109206	0.00109206
6.31	106658	106657	106658	6.27698e-28	-0.000477199	0.000477199
6.32	106657	106657	106658	6.27697e-28	2.317e-05	-2.317e-05
6.33	106657	106658	106658	6.27697e-28	0.000425084	-0.000425084
6.34	106657	106658	106658	6.27697e-28	0.000742895	-0.000742895
6.35	106657	106658	106658	6.27697e-28	0.000989347	-0.000989347
6.36	106657	106658	106657	6.27697e-28	0.00117568	-0.00117568
6.37	106657	106658	106657	6.27697e-28	0.00131175	-0.00131175
6.38	106657	106658	106657	6.27697e-28	0.00140611	-0.00140611
6.39	106657	106658	106657	6.27697e-28	0.00146619	-0.00146619
6.4	106657	106658	106657	6.27697e-28	0.00149836	-0.00149836
6.41	107082	106658	106657	-0.836897	0.48888	0.348017
6.42	107130	106707	106692	-1.66863	0.958965	0.709669
6.43	107168	106754	106728	-2.49008	1.41248	1.0776
6.44	107198	106799	106765	-3.29618	1.84931	1.44687
6.45	107220	106843	106802	-4.08196	2.26918	1.81277
6.46	107234	106885	106839	-4.84257	2.67249	2.17007
6.47	107242	106925	106874	-5.57332	3.05992	2.5134
6.48	107243	106964	106909	-6.26971	3.43079	2.83892
6.49	107239	107001	106941	-6.92745	3.78276	3.14469
6.5	107231	107036	106972	-7.54247	4.11315	3.42932
6.51	107219	107069	107000	-8.111	4.41992	3.69108
6.52	107205	107100	107026	-8.62951	4.70131	3.92821
6.53	107189	107128	107050	-9.09483	4.9551	4.13973
6.54	107173	107153	107071	-9.50407	5.17846	4.32561
6.55	107157	107175	107090	-9.85472	5.36828	4.48643
6.56	107139	107194	107106	-10.1446	5.52188	4.62272
6.57	107119	107210	107119	-10.3719	5.63763	4.73431
6.58	107097	107221	107131	-10.5353	5.71528	4.82006
6.59	107073	107229	107139	-10.6338	5.75545	4.87834
6.6	107048	107233	107145	-10.6667	5.75897	4.90769
6.61	107022	107234	107148	-10.6338	5.72643	4.90736
6.62	106997	107230	107148	-10.5353	5.65739	4.87795
6.63	106974	107223	107145	-10.3719	5.55045	4.8215
6.64	106952	107213	107139	-10.1446	5.40371	4.74089
6.65	106931	107198	107131	-9.85472	5.21537	4.63934
6.66	106912	107178	107121	-9.50407	4.98452	4.51955
6.67	106892	107154	107109	-9.09483	4.71233	4.3825
6.68	106870	107125	107095	-8.62951	4.40212	4.2274
6.69	106845	107092	107080	-8.111	4.05887	4.05212
6.7	106816	107056	107062	-7.54247	3.68944	3.85303
6.71	106782	107018	107043	-6.92745	3.30165	3.6258
6.72	106741	106979	107020	-6.26971	2.90288	3.36683
6.73	106695	106941	106994	-5.57332	2.49825	3.07507
6.74	106644	106902	106965	-4.84257	2.09051	2.75205
6.75	106590	106862	106933	-4.08196	1.68024	2.40172
6.76	106534	106821	106897	-3.29618	1.26652	2.02967
6.77	106477	106780	106860	-2.49008	0.848802	1.64128
6.78	106418	106737	106821	-1.66863	0.427851	1.24078
6.79	106358	106694	106781	-0.836897	0.00551683	0.83138
6.8	106297	106651	106740	-8.45676e-12	-0.415597	0.415597
6.81	106662	106609	106698	6.27723e-28	-0.346688	0.346688
6.82	106662	106618	106692	6.27723e-28	-0.292112	0.292112
6.83	106662	106624	106686	6.27723e-28	-0.248088	0.248088
6.84	106662	106629	106682	6.27722e-28	-0.211916	0.211916
6.85	106662	106633	106678	6.27722e-28	-0.181805	0.181805
6.86	106662	106637	106675	6.27723e-28	-0.156381	0.156381
6.87	106662	106640	106673	6.27724e-28	-0.134686	0.134686
6.88	106662	106642	106671	6.27724e-28	-0.116062	0.116062
6.89	106662	106644	106669	6.27724e-28	-0.100018	0.100018
6.9	106662	106646	106667	6.27724e-28	-0.0861796	0.0861796
6.91	106662	106648	106666	6.27723e-28	-0.0742529	0.0742529
6.92	106662	106649	106665	6.27721e-28	-0.0639879	0.0639879
6.93	106661	106650	106664	6.27719e-28	-0.0551534	0.0551534
6.94	106661	106651	106663	6.27717e-28	-0.0475322	0.0475322
6.95	106660	106652	106662	6.27715e-28	-0.0409284	0.0409284
6.96	106660	106653	106662	6.27713e-28	-0.0351733	0.0351733
6.97	106660	106653	106661	6.2771e-28	-0.0301298	0.0301298
6.98	106659	106654	106661	6.27708e-28	-0.0256919	0.0256919
6.99	106659	106655	106660	6.27706e-28	-0.0217796	0.0217796
7	106659	106655	106660	6.27705e-28	-0.0183311	0.0183311
7.01	106659	106655	106659	6.27704e-28	-0.0152979	0.0152979
7.02	106658	106656	106659	6.27702e-28	-0.0126393	0.0126393
7.03	106658	106656	106659	6.27701e-28	-0.0103195	0.0103195
7.04	106658	106656	106659	6.27701e-28	-0.00830608	0.00830608
7.05	106658	106657	106658	6.277e-28	-0.00656873	0.00656873
7.06	106658	106657	106658	6.27699e-28	-0.00507909	0.00507909
7.07	106658	106657	106658	6.27699e-28	-0.00381053	0.00381053
7.08	106658	106657	106658	6.27698e-28	-0.00273826	0.00273826
7.09	106658	106657	106658	6.27698e-28	-0.00183922	0.00183922
7.1	106658	106657	106658	6.27698e-28	-0.00109206	0.00109206
7.11	106658	106657	106658	6.27698e-28	-0.000477199	0.000477199
7.12	106657	106657	106658	6.27697e-28	2.317e-05	-2.317e-05
7.13	106657	106658	106658	6.27697e-28	0.000425084	-0.000425084
7.14	106657	106658	106658	6.27697e-28	0.000742895	-0.000742895
7.15	106657	106658	106658	6.27697e-28	0.000989347	-0.000989347
7.16	106657	106658	106657	6.27697e-28	0.00117568	-0.00117568
7.17	106657	106658	106657	6.27697e-28	0.00131175	-0.00131175
7.18	106657	106658	106657	6.27697e-28	0.00140611	-0.00140611
7.19	106657	106658	106657	6.27697e-28	0.00146619	-0.00146619
7.2	106657	106658	106657	6.27697e-28	0.00149836	-0.00149836
7.21	107082	106658	106657	-0.836897	0.48888	0.348017
7.22	107130	106707	106692	-1.66863	0.958965	0.709669
7.23	107168	106754	106728	-2.49008	1.41248	1.0776
7.24	107198	106799	106765	-3.29618	1.84931	1.44687
7.25	107220	106843	106802	-4.08196	2.26918	1.81277
7.26	107234	106885	106839	-4.84257	2.67249	2.17007
7.27	107242	106925	106874	-5.57332	3.05992	2.5134
7.28	107243	106964	106909	-6.26971	3.43079	2.83892
7.29	107239	107001	106941	-6.92745	3.78276	3.14469
7.3	107231	107036	106972	-7.54247	4.11315	3.42932
7.31	107219	107069	107000	-8.111	4.41992	3.69108
7.32	107205	107100	107026	-8.62951	4.70131	3.92821
7.33	107189	107128	107050	-9.09483	4.9551	4.13973
7.34	107173	107153	107071	-9.50407	5.17846	4.32561
7.35	107157	107175	107090	-9.85472	5.36828	4.48643
7.36	107139	107194	107106	-10.1446	5.52188	4.62272
7.37	107119	107210	107119	-10.3719	5.63763	4.73431
7.38	107097	107221	107131	-10.5353	5.71528	4.82006
7.39	107073	107229	107139	-10.6338	5.75545	4.87834
7.4	107048	107233	107145	-10.6667	5.75897	4.90769
7.41	107022	107234	107148	-10.6338	5.72643	4.90736
7.42	106997	107230	107148	-10.5353	5.65739	4.87795
7.43	106974	107223	107145	-10.3719	5.55045	4.8215
7.44	106952	107213	107139	-10.1446	5.40371	4.74089
7.45	106931	107198	107131	-9.85472	5.21537	4.63934
7.46	106912	107178	107121	-9.50407	4.98452	4.51955
7.47	106892	107154	107109	-9.09483	4.71233	4.3825
7.48	106870	107125	107095	-8.62951	4.40212	4.2274
7.49	106845	107092	107080	-8.111	4.05887	4.05212
7.5	106816	107056	107062	-7.54247	3.68944	3.85303
7.51	106782	107018	107043	-6.92745	3.30165	3.6258
7.52	106741	106979	107020	-6.26971	2.90288	3.36683
7.53	106695	106941	106994	-5.57332	2.49825	3.07507
7.54	106644	106902	106965	-4.84257	2.09051	2.75205
7.55	106590	106862	106933	-4.08196	1.68024	2.40172
7.56	106534	106821	106897	-3.29618	1.26652	2.02967
7.57	106477	106780	106860	-2.49008	0.848802	1.64128
7.58	106418	106737	106821	-1.66863	0.427851	1.24078
7.59	106358	106694	106781	-0.836897	0.00551683	0.83138
7.6	106297	106651	106740	-9.86838e-12	-0.415597	0.415597
7.61	106662	106609	106698	6.27723e-28	-0.346688	0.346688
7.62	106662	106618	106692	6.27723e-28	-0.292112	0.292112
7.63	106662	106624	106686	6.27723e-28	-0.248088	0.248088
7.64	106662	106629	106682	6.27722e-28	-0.211916	0.211916
7.65	106662	106633	106678	6.27722e-28	-0.181805	0.181805
7.66	106662	106637	106675	6.27723e-28	-0.156381	0.156381
7.67	106662	106640	106673	6.27724e-28	-0.134686	0.134686
7.68	106662	106642	106671	6.27724e-28	-0.116062	0.116062
7.69	106662	106644	106669	6.27724e-28	-0.100018	0.100018
7.7	106662	106646	106667	6.27724e-28	-0.0861796	0.0861796
7.71	106662	106648	106666	6.27723e-28	-0.0742529	0.0742529
7.72	106662	106649	106665	6.27721e-28	-0.0639879	0.0639879
7.73	106661	106650	106664	6.27719e-28	-0.0551534	0.0551534
7.74	106661	106651	106663	6.27717e-28	-0.0475322	0.0475322
7.75	106660	106652	106662	6.27715e-28	-0.0409284	0.0409284
7.76	106660	106653	106662	6.27713e-28	-0.0351733	0.0351733
7.77	106660	106653	106661	6.2771e-28	-0.0301298	0.0301298
7.78	106659	106654	106661	6.27708e-28	-0.0256919	0.0256919
7.79	106659	106655	106660	6.27706e-28	-0.0217796	0.0217796
7.8	106659	106655	106660	6.27705e-28	-0.0183311	0.0183311
7.81	106659	106655	106659	6.27704e-28	-0.0152979	0.0152979
7.82	106658	106656	106659	6.27702e-28	-0.0126393	0.0126393
7.83	106658	106656	106659	6.27701e-28	-0.0103195	0.0103195
7.84	106658	106656	106659	6.27701e-28	-0.00830608	0.00830608
7.85	106658	106657	106658	6.277e-28	-0.00656873	0.00656873
7.86	106658	106657	106658	6.27699e-28	-0.00507909	0.00507909
7.87	106658	106657	106658	6.27699e-28	-0.00381053	0.00381053
7.88	106658	106657	106658	6.27698e-28	-0.00273826	0.00273826
7.89	106658	106657	106658	6.27698e-28	-0.00183922	0.00183922
7.9	106658	106657	106658	6.27698e-28	-0.00109206	0.00109206
7.91	106658	106657	106658	6.27698e-28	-0.000477199	0.000477199
7.92	106657	106657	106658	6.27697e-28	2.317e-05	-2.317e-05
7.93	106657	106658	106658	6.27697e-28	0.000425084	-0.000425084
7.94	106657	106658	106658	6.27697e-28	0.000742895	-0.000742895
7.95	106657	106658	106658	6.27697e-28	0.000989347	-0.000989347
7.96	106657	106658	106657	6.27697e-28	0.00117568	-0.00117568
7.97	106657	106658	106657	6.27697e-28	0.00131175	-0.00131175
7.98	106657	106658	106657	6.27697e-28	0.00140611	-0.00140611
7.99	106657	106658	106657	6.27697e-28	0.00146619	-0.00146619
8	106657	106658	106657	6.27697e-28	0.00149836	-0.00149836
